  1738.02960991556          866.224957215641          222.808405311842
          1736.28356855461          866.224958594073          223.472754437118
          1734.50209820284          866.224959607932          223.980965071402
          1732.70657922036          866.224960357274          224.405937315605
          1730.90260274047          866.224960992822          224.771781473927
          1729.09314955548          866.224961476789           225.09125847308
          1727.27982207304          866.224961844298          225.373820662813
          1725.46375533395            866.2249620936          225.627511172944
          1723.64594544774          866.224962220001          225.859115851527
          1721.82691732434          866.224962292944          226.074452475203
          1720.00708730164          866.224962301638          226.278271904678
          1718.18685564286          866.224962263354          226.474047558429
          1716.36620467087          866.224962202058          226.664455121675
          1714.54548877421          866.224962130535          226.851192720163
          1712.72465204217          866.224962037727           227.03514612903
          1710.90371955225          866.224961939524           227.21672406781
          1709.08265726526          866.224961852685          227.395814080386
           1707.2614670291          866.224961777326          227.571929080143
           1705.4400286801          866.224961706392           227.74449070301
          1703.61842768339          866.224961636908          227.912825220282
          1701.79650881529          866.224961570363          228.076111780554
          1699.97418415422          866.224961507906          228.233578562074
          1698.15146682095          866.224961446828          228.384585196183
          1696.32834754087          866.224961385792          228.528601591719
           1694.5048055244          866.224961322105          228.665077798338
          1692.68080888234          866.224961253311          228.793494022414
           1690.8563230076          866.224961178893          228.913547790927
           1689.0314635111          866.224961096479           229.02504337243
          1687.20617106997          866.224961004223          229.127816849052
          1685.38043503701          866.224960901589          229.221707605284
          1683.55432174511          866.224960790086          229.306649881344
           1681.7278546796          866.224960667709           229.38276049191
          1679.90104917425          866.224960535923          229.450259116997
          1678.07403531088           866.22496039254            229.5093695084
          1676.24663692974          866.224960239778          229.560215870814
          1674.41908974806          866.224960074891          229.603122368792
          1672.59139051409          866.224959911567          229.638488680789
          1670.76350442812          866.224959755803          229.666743578024
          1668.93538080526          866.224959609617          229.688261951333
          1667.10717900915          866.224959471289          229.703292349538
          1665.27893022643          866.224959342103          229.712182781565
          1663.45058153523          866.224959221091          229.715296592853
          1661.62217293322          866.224959106198          229.712948911525
          1659.79374421665          866.224958998617          229.705402576076
          1657.96520250504          866.224958899999          229.692771025387
          1656.13671617252          866.224958820168          229.675226807014
          1654.30822167973          866.224958761803          229.652934346788
          1652.47975695606          866.224958722364          229.626043164105
          1650.65127188103          866.224958697099          229.594650121292
          1648.82282324903           866.22495868382          229.558728069322
          1646.99449940313          866.224958682408          229.518267512082
          1645.16627360424            866.2249586944          229.473341603366
          1643.33808641289          866.224958720881           229.42395301341
          1641.51006381834          866.224958762741           229.37007318666
          1639.68207065715          866.224958812719          229.311583565051
          1637.85428145396          866.224958865288          229.248442908202
          1636.02666943596          866.224958922094          229.180623049626
          1634.19921612858           866.22495898246          229.108021130382
          1632.37196322955          866.224959045262          229.030459974512
          1630.54494669949          866.224959109561          228.947834703364
           1628.7181799102          866.224959176568          228.860154132774
          1626.89167679309          866.224959243508          228.767279263596
          1625.06546254826          866.224959305267          228.669042730985
          1623.23956235707          866.224959358128          228.565292112934
          1621.41395479588          866.224959402019          228.455950976452
          1619.58871298822          866.224959435119          228.341008946341
          1617.76390345873          866.224959459246          228.220352588541
          1615.93946836985          866.224959474366          228.093832748131
          1614.11538776618           866.22495947998          227.961307303352
          1612.29179879885          866.224959476148          227.822752712616
          1610.46867255469          866.224959463118           227.67813555906
          1608.64600144982          866.224959441669          227.527318274692
          1606.82391587453          866.224959412457          227.370160125896
          1605.00232566405          866.224959376551          227.206533655791
          1603.18129269436          866.224959337113          227.036364500857
          1601.36092102965          866.224959293822          226.859532122563
          1599.54115294553          866.224959250312           226.67583654849
          1597.72207683893          866.224959206385          226.485050569441
           1595.9037914887          866.224959163818           226.28697344149
          1594.08624977775          866.224959126827           226.08137985672
          1592.26957488159          866.224959096262          225.867919905477
          1590.45395877552          866.224959072039          225.646170185766
          1588.63930960094          866.224959054063          225.415656225545
          1586.82580406958          866.224959040912          225.175825349694
          1585.01361789547          866.224959032508          224.925955141692
          1583.20295356932          866.224959028537          224.665105329344
          1581.39389484544          866.224959029047          224.392256992863
          1579.58679045206          866.224959030568          224.106095138869
          1577.78196263942          866.224959034682           223.80498510184
          1575.97993358916          866.224959034746          223.486867506748
          1574.18113770788           866.22495903324          223.149214624743
          1572.38647145929          866.224959025007           222.78858128901
          1570.59708896782          866.224959016788          222.400303239505
          1568.81495655294           866.22495899945          221.977613127187
          1567.04302111947          866.224958989934          221.510227488786
          1565.28699043443          866.224958983625          220.981481274346
          1563.55843125344          866.224958991794          220.362104900799
          1561.88522081447          866.224959034193          219.595116442831
          1560.36103980514          866.224959097509           218.54704093049
          1559.52344260354           866.22495913851          216.905479426894
          1560.59475446219          866.244402736921          215.493613352997
          1562.25048242858          866.244403062448          214.737270521193
          1564.00005820459          866.244403235243          214.231897923367
          1565.78033860994          866.244403324187          213.849199289854
          1567.57439339065          866.244403369061          213.538594135032
          1569.37603090088          866.244403386158          213.275333810508
          1571.18230398638          866.244403380325           213.04583079961
          1572.99170298291          866.244403352012          212.841948170453
           1574.8033253012          866.244403307429          212.658625376514
          1576.61677250944          866.244403229757          212.492526340212
          1578.43157687058          866.244403142138           212.34135819375
          1580.24766943258          866.244403007702          212.203568232771
          1582.06472641089           866.24440288451          212.077975301879
          1583.88265501684          866.244402725222          211.963611037873
          1585.70137416357          866.244402535913           211.85982055495
          1587.52087310803          866.244402348614          211.766022827102
          1589.34090101848          866.244402182486          211.681694018905
          1591.16151792142          866.244402009161          211.606412694502
          1592.98272292735          866.244401826159          211.539916078912
           1594.8042699541          866.244401652078          211.481931370427
           1596.6262427067          866.244401490018          211.432151911145
          1598.44861047345          866.244401346089          211.390357436803
          1600.27119391565          866.244401221961          211.356471681127
          1602.09414272066           866.24440111259          211.330329544735
          1603.91730545078          866.244401019712          211.311720777527
          1605.74072936198          866.244400936567           211.30039255815
          1607.56427729547          866.244400862191          211.296294200248
          1609.38793097624          866.244400791911          211.299347857247
          1611.21173587799          866.244400719159          211.309359411817
          1613.03561319354           866.24440064087          211.326123605039
          1614.85954610303           866.24440055312          211.349493147248
          1616.68346382973          866.244400451098          211.379523743665
          1618.50732001464          866.244400334707          211.416211060137
           1620.3311335722          866.244400202398          211.459405527816
          1622.15488238158           866.24440005003          211.509042514831
          1623.97850496609          866.244399874775          211.565214698801
          1625.80194404624          866.244399673561          211.628006687688
          1627.62516683424          866.244399444413          211.697345432302
          1629.44817276501          866.244399183499          211.773256454089
          1631.27094765269          866.244398912348          211.855932403466
          1633.09336375661          866.244398642328          211.945509961319
          1634.91537924134          866.244398380065          212.041834620242
          1636.73703369551          866.244398123167          212.144943920272
          1638.55830796655          866.244397867932          212.254971805836
          1640.37909010167          866.244397610719          212.372067459295
          1642.19932207117          866.244397349262          212.496324874524
           1644.0190549939          866.244397081078          212.627670552538
          1645.83813269091          866.244396815983          212.766057674065
          1647.65669291401          866.244396586704          212.911675852758
          1649.47448712921          866.244396388584          213.064647587972
          1651.29154162891          866.244396208992          213.225063362251
          1653.10793425051          866.244396044447          213.392894562202
          1654.92356283481          866.244395891943          213.568129922852
          1656.73826372333          866.244395746108          213.750859537182
          1658.55206354369          866.244395604098          213.941181211098
          1660.36504687919          866.244395473592          214.139183684214
          1662.17704930027          866.244395365089          214.344840939861
          1663.98809694553          866.244395271205          214.558049580959
          1665.79814519443          866.244395187689          214.778824666809
          1667.60717554321          866.244395111053          215.007184767616
          1669.41518235063          866.244395039535          215.243092330664
          1671.22215691154          866.244394972382          215.486426956307
          1673.02810597323          866.244394906449           215.73698723133
           1674.8329957698          866.244394844567          215.994591364938
          1676.63690073873           866.24439479179           216.25908074964
          1678.43978882963          866.244394748233          216.530230381437
          1680.24175072902          866.244394712805          216.807702744096
          1682.04288057574          866.244394687097          217.091045268968
          1683.84324734518          866.244394673967          217.379828549954
          1685.64288115594          866.244394673459          217.673571238756
          1687.44182388081           866.24439468903           217.97174263381
          1689.24024438963          866.244394721858          218.273658423309
          1691.03831106751          866.244394773337          218.578528274831
          1692.83609629543          866.244394847159          218.885574736491
          1694.63377471746           866.24439494591          219.193994124324
          1696.43151815462          866.244395072818          219.502921632546
          1698.22945536149          866.244395229382           219.81132761866
          1700.02775012899          866.244395418955          220.118098079153
          1701.82657889903          866.244395644374          220.422211214583
          1703.62616678374          866.244395906017          220.722609014512
          1705.42654205628          866.244396204204          221.018058519804
          1707.22797598052          866.244396528223          221.307107525749
           1709.0307349547           866.24439686198          221.588283890077
          1710.83482129075          866.244397221531          221.860151522957
          1712.64048751679          866.244397657297          222.120959892845
          1714.44802005384          866.244398155076          222.368077965395
          1716.25749586981          866.244398643028          222.599019476563
          1718.06916477898          866.244399073442          222.811303481016
          1719.88316247938           866.24439962229          223.001128226512
          1721.69962603944          866.244400086112          223.163576999677
          1723.51852348725          866.244400536045          223.295114095738
          1725.33971606073          866.244400902082          223.389768109752
          1727.16286928011          866.244401198082          223.441851685591
          1728.98734968382          866.244401319469          223.444342657606
          1730.81228359839          866.244401269097          223.390236773388
          1732.63601238686          866.244400993957          223.270007694216
          1734.45616343327          866.244400519962          223.071025239288
          1736.26778984455          866.244399732385          222.769265959835
          1738.05591523564           866.24439855064           222.29597177082