 1662.68115093942          720.398389613694          205.354453079066
          1660.59470300161          720.398386544058          206.107763445343
          1658.46400312529          720.398384009746           206.68713066601
           1656.3153146434          720.398381536831          207.174334450177
          1654.15581750378          720.398378480395          207.596577479724
          1651.98901689818          720.398374882384          207.968400250812
          1649.81712766309          720.398370682822          208.300596408465
          1647.64166313497          720.398366110206          208.602442788923
          1645.46366226173          720.398362343748          208.881801100352
          1643.28399480166          720.398357877788          209.145291392564
          1641.10320202033          720.398354722597           209.39840497087
          1638.92171124159          720.398351181422          209.644973230108
          1636.73972553186          720.398348448236          209.888006768973
          1634.55744367475          720.398346494524          210.129269992341
          1632.37492333342           720.39834464052          210.369546066348
          1630.19222777003          720.398343270065          210.609095279888
          1628.00937562572           720.39834234695          210.847493386811
          1625.82623065828          720.398341803656          211.083941378546
           1623.6428496579          720.398341465267          211.317570697803
          1621.45902841445          720.398341242961           211.54740588796
          1619.27477766428          720.398341078308           211.77233463829
           1617.0900381681          720.398340918065           211.99132084768
          1614.90475106561          720.398340683201          212.203576093673
          1612.71880895801          720.398340314237          212.408390810349
          1610.53226227057          720.398339768661          212.605060764843
          1608.34512890617          720.398339012643           212.79295022619
          1606.15730327907          720.398338064085          212.971634598736
          1603.96881596136          720.398336941826          213.140824619432
          1601.77974204799          720.398335696734          213.300242246689
          1599.59012029839           720.39833434091           213.44958951563
          1597.39989772417          720.398332926642          213.588654547229
          1595.20918251667          720.398331508432          213.717445861447
          1593.01796741283          720.398330160961          213.836046071773
            1590.826285871          720.398328893624          213.944551775245
          1588.63429076083           720.39832785142          214.042933275603
          1586.44188420745          720.398327036934          214.131404968681
          1584.24924538802          720.398326516757          214.210331681895
           1582.0562999464          720.398326275849          214.280069376874
           1579.8630737806           720.39832631343          214.340920386666
          1577.66973318012          720.398326557933          214.393097106926
          1575.47624594896          720.398326967063          214.436893581832
          1573.28261664805          720.398327494858          214.472736852654
          1571.08889609724          720.398328104224          214.500990028628
          1568.89504227304          720.398328818472          214.521950695005
          1566.70116538792           720.39832961718          214.535766929992
          1564.50726650057          720.398330370678          214.542616742151
           1562.3132883226          720.398330976463           214.54275276495
          1560.11934554246          720.398331468902           214.53641248876
          1557.92543367202          720.398331880768          214.523758629348
          1555.73154553684          720.398332173336          214.504793057906
           1553.5376746962          720.398332328845          214.479520872569
          1551.34383533353          720.398332417533          214.448056865464
          1549.15013687586          720.398332395699          214.410484608717
          1546.95652956413          720.398332260136          214.366797723235
          1544.76303053443          720.398332028578           214.31684788741
          1542.56969121149          720.398331783497          214.260648257657
          1540.37650225392          720.398331532208          214.198173450314
           1538.1834981549          720.398331284342          214.129319295915
          1535.99070627222          720.398331044216           214.05389613711
          1533.79815937622          720.398330827837          213.971803129975
          1531.60587645861          720.398330721755          213.883082413764
          1529.41384966689          720.398330688469          213.787605433833
          1527.22210510452          720.398330762485           213.68520010879
          1525.03072602591          720.398331028144          213.575698934151
          1522.83968911579          720.398331466676          213.459051512585
          1520.64901586007          720.398332104787          213.335336138351
          1518.45872527443          720.398332925726          213.204468842287
           1516.2688947909          720.398333971903          213.066324661696
          1514.07950106876          720.398335257396          212.920828532283
           1511.8905669806            720.3983367826          212.768028069904
           1509.7021549154          720.398338557332           212.60799051734
          1507.51419433205          720.398340565511          212.440668329364
          1505.32677267928          720.398342772632          212.265964906627
          1503.13997156501          720.398345167133          212.083843381299
          1500.95378105436          720.398347694421          211.894299516758
          1498.76830486067          720.398350315043          211.697270223437
          1496.58344750818          720.398352950669           211.49257099332
          1494.39933037312          720.398355519801           211.27997530283
          1492.21601701481          720.398358018044          211.059223631971
           1490.0336319481          720.398360368568          210.830007546908
          1487.85218997103          720.398362510486          210.591864971657
          1485.67173476126          720.398364324657          210.344203292989
          1483.49247449553          720.398365841104          210.086361397439
          1481.31452720094          720.398367413218          209.817534411222
          1479.13797811417          720.398368876671          209.536788012336
          1476.96311340528          720.398370189404           209.24296195931
          1474.79012562736          720.398371092224          208.934785458747
          1472.61941741154          720.398372101479          208.610733324951
          1470.45119755705          720.398373018694          208.268916527834
          1468.28605228846          720.398373753251          207.907000052976
          1466.12470195409          720.398374564933          207.522084232466
          1463.96804362571          720.398375211795          207.110113211731
          1461.81741809759          720.398375796956          206.665456269623
           1459.6750543824          720.398376392181          206.179801386995
          1457.54452672146          720.398376933916          205.640321817975
          1455.43249301469          720.398377168034          205.026070790567
          1453.35249992201          720.398376790858          204.300615945814
          1451.33761507062          720.398375460411          203.393065450585
          1449.49874286392          720.398372884101           202.13836370724
          1448.47791607061          720.398369427988          200.146805256856
          1449.70333134848          720.362436660446          198.449078591104
          1451.68173416302          720.362432647782          197.535069858441
           1453.7754820036          720.362430071132          196.917720114865
          1455.90720586122          720.362428448735          196.444337600807
          1458.05646399453          720.362427343776          196.054977866216
          1460.21523030462          720.362426532023          195.720474933318
          1462.37989288843          720.362425740827          195.424850546354
          1464.54864485416          720.362424947641          195.158625464819
          1466.72029261709          720.362424158409          194.915947936101
          1468.89434139775          720.362423075448          194.693115030183
          1471.07015824827          720.362421988058          194.487572416962
          1473.24762232485          720.362420364134          194.297656423697
          1475.42646921863          720.362418803718          194.122036269704
          1477.60646542077          720.362416713325           193.95964630145
          1479.78758338143          720.362414058446          193.809671474866
          1481.96959180122          720.362411253011          193.671337860248
          1484.15247157806          720.362408538338          193.543922086941
          1486.33607274218          720.362405437426          193.426849185113
           1488.5204297624          720.362401955354          193.319698012349
          1490.70540771123          720.362398285643          193.222061955333
          1492.89101805432          720.362394578331           193.13358469476
          1495.07710718458          720.362390933278          193.054003667328
          1497.26368012052           720.36238739225          192.983262148178
          1499.45071725962          720.362384039643          192.921294853153
          1501.63810409259          720.362380927916          192.867981462106
          1503.82579355652          720.362378021105          192.823217203647
          1506.01381532573          720.362375378377          192.787079112377
          1508.20202303578          720.362373054146          192.759661220367
          1510.39044853421          720.362371068075          192.740936875268
          1512.57901672106          720.362369421449          192.730804732762
          1514.76769935871           720.36236812525           192.72918275249
          1516.95641234972          720.362367218494          192.736289961421
          1519.14512193145          720.362366721938          192.752230639856
          1521.33382641444          720.362366617823          192.776862890438
           1523.5224743263          720.362366891059          192.810088251107
          1525.71101849981          720.362367569218          192.852024311687
          1527.89939929504          720.362368692001          192.902864788618
          1530.08762176314          720.362370219255          192.962442435917
          1532.27555273854          720.362372253453          193.030723307037
          1534.46322257314          720.362374554507          193.107932826405
          1536.65058069604          720.362376999205          193.194268921889
          1538.83749216234          720.362379501531          193.289443333748
          1541.02404519177          720.362382018976          193.393454855259
           1543.2101907293          720.362384539084          193.506476544446
          1545.39578372492           720.36238707285          193.628698971192
          1547.58078817478          720.362389640592          193.760208452694
          1549.76519910449          720.362392234848          193.900871266757
          1551.94902098046          720.362394742044          194.050646192481
          1554.13211033748          720.362396810286          194.209814248596
          1556.31446013293          720.362398446224          194.378501193085
          1558.49599267985          720.362399800833          194.556860853807
          1560.67667174653          720.362400937184          194.744845620148
          1562.85650448388          720.362401885054          194.942420407913
          1565.03541008538           720.36240265558          195.149723650735
          1567.21326211645          720.362403179999          195.366899911875
          1569.39012113621          720.362403518565          195.594026014493
          1571.56590379309          720.362403653134          195.831065178596
          1573.74057759277          720.362403623711          196.077834147142
          1575.91415842653          720.362403506526           196.33429531936
          1578.08659269106          720.362403333133          196.600392160627
          1580.25782864848          720.362403081594           196.87602998136
          1582.42786401951           720.36240271357          197.160959953597
          1584.59671216618          720.362402338985          197.454743507462
          1586.76444745085          720.362401814585          197.757088150548
          1588.93105922661          720.362401273438          198.067640663946
          1591.09660287327          720.362400750377          198.385985636308
          1593.26103395805          720.362400158906          198.711602462645
          1595.42449657879          720.362399522579           199.04376545541
          1597.58710491823          720.362398906558           199.38182702261
          1599.74888698576          720.362398251246          199.725129026159
          1601.90997829495          720.362397561725          200.072953709294
          1604.07052811004          720.362396819793          200.424441552758
          1606.23063989818          720.362396021623          200.778629616309
          1608.39050379328          720.362395201447           201.13457852041
          1610.55027946147           720.36239434621          201.491356138211
          1612.71004888418          720.362393452055          201.847958972324
           1614.8700831904          720.362392575021           202.20322599874
          1617.03061639852          720.362391782569           202.55584300898
          1619.19178491082          720.362391138508          202.904617841323
          1621.35375796238           720.36239070017          203.248282854663
          1623.51671995579          720.362390627374          203.585360235401
          1625.68091819632          720.362390990435          203.913979445911
          1627.84649339902          720.362391882671          204.232289591053
           1630.0137013504          720.362393443389          204.538442365745
          1632.18278785101          720.362395982146          204.830206971308
          1634.35388419088          720.362399774439          205.104322076571
          1636.52728318142          720.362404309094          205.357800951695
          1638.70305215676          720.362408990222          205.587796670009
          1640.88138780256          720.362415888033          205.789894602332
          1643.06244677911          720.362422620768           205.95868738249
          1645.24607592918          720.362430339061          206.090556627024
          1647.43212546301          720.362437861234          206.179127843524
          1649.62002756383           720.36244654356          206.218713693199
          1651.80895436267          720.362454082012          206.201908864865
          1653.99771706212          720.362461292705          206.121727436437
          1656.18420981832          720.362467808864          205.968264650344
          1658.36540207015          720.362472368181          205.728197202594
           1660.5352091568          720.362475074498          205.375592594436
          1662.67454188571          720.362474812053          204.835216477466