   1624.94858523664           647.36524683956          197.912186180832
          1622.69348407813          647.365245617515          198.716984314623
          1620.38931509251          647.365252882959          199.339649953175
           1618.0648617075          647.365264019018          199.866120815412
          1615.72836621575          647.365278900691          200.325028929724
          1613.38367153169          647.365295594323           200.73152447326
           1611.0330309514          647.365313729141          201.096889020448
          1608.67839273506          647.365332019334          201.430734090235
          1606.32075360303          647.365346505597          201.741116245274
          1603.96128136679          647.365363400981          202.035378982704
          1601.60042922986           647.36537509878           202.31892734888
          1599.23881676378          647.365388335186          202.596206519345
          1596.87658967661          647.365398833944          202.870194022073
          1594.51404063145          647.365406928614          203.142771634096
          1592.15129941621          647.365415390362          203.414996606065
          1589.78833419439          647.365422743167          203.687054811427
          1587.42510132314          647.365428688476          203.958473796862
          1585.06152543538          647.365433347936          204.228409789418
          1582.69768070021          647.365437546894          204.496018800289
          1580.33339413095           647.36544146118          204.760283990592
          1577.96853623014          647.365445024855          205.020024785144
          1575.60308418863          647.365448348202          205.274122999989
          1573.23698208943          647.365451487073          205.521704373378
          1570.87011628445          647.365454481924          205.761994815828
          1568.50260732955          647.365457469602          205.994213162381
          1566.13432499517          647.365460557101          206.217616585825
          1563.76522557622          647.365463793154          206.431708170722
          1561.39535004559          647.365467228019          206.636066243329
          1559.02476391148          647.365470937397          206.830359010522
          1556.65350080756          647.365474954002          207.014148150664
          1554.28152267884          647.365479305342          207.187093838773
          1551.90891697632          647.365484005814          207.349069564535
          1549.53570748535          647.365489048246           207.50005038474
          1547.16204776859           647.36549449187          207.640053954537
          1544.78783176907          647.365500345897          207.768934948744
          1542.41316560627          647.365506616892           207.88677244385
          1540.03813589207           647.36551281934          207.993785914643
          1537.66283418544          647.365518790361          208.090286878509
           1535.2872076865          647.365524493316          208.176581311175
          1532.91132167513          647.365529941761          208.252792956746
          1530.53525018904          647.365535191614          208.319206941599
          1528.15901560444          647.365540318561          208.376217715464
          1525.78262053381          647.365545405021          208.424243812302
          1523.40607338797          647.365550532654           208.46361498598
          1521.02940471812          647.365555770913          208.494431790204
          1518.65276539904          647.365560813038          208.516908287563
          1516.27603730138          647.365565302139          208.531338395632
          1513.89920918591          647.365569381829          208.538019046303
          1511.52240168582          647.365573185294          208.537165752497
          1509.14567140792          647.365576850415          208.528781454266
          1506.76895665975           647.36558048607          208.512896822591
          1504.39220091487          647.365584147965          208.489710838731
          1502.01547725773          647.365587902196          208.459343290328
          1499.63893222861          647.365591622056          208.421780503588
          1497.26246342395          647.365594946655          208.376949621591
          1494.88608022831           647.36559795359          208.324939964365
          1492.50986003574           647.36560075554          208.265775631209
          1490.13385349515          647.365603431502          208.199366697685
          1487.75802857809           647.36560603443          208.125557353899
          1485.38236424617          647.365608592648          208.044327019337
          1483.00698230956          647.365611109345          207.955808170206
          1480.63186948219          647.365613601263          207.859890991425
          1478.25699888241          647.365615995521          207.756448216347
          1475.88248598662          647.365618122155          207.645389255019
          1473.50824781502          647.365620026156          207.526717495104
          1471.13443158725          647.365621747296          207.400546046455
          1468.76099966924          647.365623311794          207.266825342249
          1466.38790561869          647.365624723151          207.125485154317
          1464.01523032823          647.365625987446          206.976486046747
          1461.64305131075          647.365627107558          206.819913443206
           1459.2713606408          647.365628082117          206.655864409246
           1456.9002090681          647.365628914186          206.484304774851
          1454.52958350312          647.365629604951          206.305182961966
          1452.15948678195          647.365630152395           206.11847991716
          1449.79003922287          647.365630571139          205.924196226226
          1447.42118838135          647.365630873678          205.722276683652
          1445.05310271779          647.365631078027          205.512535058715
          1442.68576006929          647.365631208099          205.294728566296
           1440.3192011715          647.365631261933          205.068598096356
           1437.9535542104          647.365631262243          204.833777886018
          1435.58888039927           647.36563122407           204.58975619681
          1433.22524466932          647.365631170478          204.335871963409
          1430.86272711821          647.365631112765          204.071392581776
          1428.50162087737          647.365631016729          203.795483979537
          1426.14198028388          647.365630915378          203.507073355368
          1423.78404841268           647.36563079123          203.204938101267
          1421.42806131118          647.365630694264            202.8876707866
          1419.07436061137          647.365630542192          202.553693124872
          1416.72332262834          647.365630361949          202.200962306391
          1414.37552124526          647.365630163244          201.827043706347
          1412.03161343536          647.365629869696          201.428828372327
          1409.69257809245           647.36562954779          201.002006819768
          1407.35992771758          647.365629160509           200.54048501386
          1405.03584759478          647.365628628649          200.035377425409
          1402.72435881363          647.365627992309            199.4727272235
           1400.4324080448          647.365627279743          198.829925391614
          1398.17441918845          647.365626463088          198.067545042195
           1395.9857236882          647.365625662367          197.109043678884
          1393.98566312436          647.365624600985          195.776114925017
          1392.86693412391          647.365622395497          193.645098723525
          1394.16722574352          647.305522320438          191.827095112572
          1396.30455457515           647.30552294575          190.837929148954
            1398.568810136          647.305523127269          190.160883813684
          1400.87530441499          647.305523011681          189.634378233094
          1403.20124314696          647.305522736626          189.195246960587
          1405.53790264099          647.305522354897          188.812929760218
           1407.8812965295          647.305521966518           188.47078221507
           1410.2292308429          647.305521591901          188.159008160236
           1412.5805974183          647.305521352393          187.871662613888
          1414.93451683709           647.30552111386          187.605046175343
          1417.29068503721          647.305520977128          187.356632616917
          1419.64864938118          647.305520871178          187.124798495715
          1422.00815650305          647.305520834842          186.908278867046
          1424.36896748363          647.305520827818           186.70604013529
          1426.73110118478          647.305520902848          186.517258057713
          1429.09436565691          647.305521046103          186.341184370945
          1431.45855377223          647.305521250448           186.17707924136
          1433.82368466889          647.305521576624          186.024323549978
          1436.18955362517          647.305522038889          185.882471520263
          1438.55625116888          647.305522665342          185.751094633321
          1440.92366856758          647.305523457839          185.629810967435
          1443.29161558222          647.305524410544          185.518333995161
          1445.66017410732          647.305525524984          185.416614543928
          1448.02919276248          647.305526774596          185.324587066735
          1450.39876796053          647.305528157017          185.242126650802
          1452.76869752945          647.305529671863          185.169111766685
          1455.13898300572          647.305531260536          185.105678723273
          1457.50952421289          647.305532888661           185.05194082695
          1459.88042041214           647.30553454748          185.007875427209
          1462.25145547676          647.305536204347          184.973399451026
          1464.62260513457          647.305537835137          184.948445099136
           1466.9939460873           647.30553941943          184.933263500722
          1469.36537939958          647.305540946886          184.927992244084
          1471.73677336549           647.30554242088          184.932515760239
           1474.1081341877          647.305543860246          184.946700737154
          1476.47946601193          647.305545289419          184.970655209704
          1478.85063763592          647.305546712527          185.004704130681
          1481.22166311277          647.305548240171          185.048696793207
          1483.59244434955          647.305549839417           185.10253623521
          1485.96300710424          647.305551466142          185.166481977793
          1488.33327864882          647.305553112023          185.240859355769
          1490.70313704133          647.305554802034          185.325347903011
          1493.07266872369          647.305556611787          185.419946504828
           1495.4417670784          647.305558591592          185.524885537487
          1497.81027947224          647.305560806101           185.64043422525
          1500.17824338925          647.305563364265          185.766722113316
          1502.54565667381          647.305566481129          185.903589759694
          1504.91240697765          647.305570163838          186.051008866673
          1507.27838105877          647.305574031572          186.209256494978
          1509.64360517617           647.30557812859          186.378529014975
          1512.00805298144          647.305582489863          186.559018381592
          1514.37165786201          647.305587238589          186.750633629667
          1516.73432211779          647.305592558413          186.953300617065
          1519.09597693036           647.30559869157          187.167172872695
          1521.45663424023          647.305605998338          187.392389713657
          1523.81627376397           647.30561441866           187.62904646138
          1526.17475161983          647.305623057747          187.877063007546
          1528.53205649637          647.305632032778          188.136218213823
          1530.88824346745          647.305641503334          188.406455917315
          1533.24323663456          647.305651682399          188.687695128619
          1535.59702076968          647.305662908677          188.979782674534
           1537.9495899068          647.305675606735          189.282400226374
          1540.30085102632          647.305690021882           189.59504848156
           1542.6510336942          647.305706783027          189.917332173045
          1544.99999378936          647.305725966472          190.248816930126
          1547.34771759002          647.305746281568          190.589073396554
          1549.69444638158          647.305768360706          190.937406072087
          1552.04020306089          647.305792636741          191.293005675261
          1554.38493732952          647.305819149044          191.655079206155
          1556.72887886242          647.305848729634          192.022806158845
          1559.07206281662          647.305853588766          192.395914412193
          1561.41467192281          647.305835409153          192.773413797833
          1563.75687575371          647.305815758595            193.1537629108
          1566.09880042679          647.305799513914          193.535751651921
          1568.44064706166          647.305788451393          193.918270570686
          1570.78251783509          647.305788045728           194.30007533513
          1573.12472802342          647.305801559272          194.679749908368
           1575.4674014649          647.305823633955           195.05591073071
          1577.81067537481          647.305849960731           195.42726902851
          1580.15490356703          647.305879571643          195.792462804424
          1582.50015502976          647.305912255118          196.149862222766
           1584.8466436957          647.305904481595          196.498549645448
          1587.19464985353          647.305893066393          196.835603904562
          1589.54431528904           647.30588600574          197.158841962435
          1591.89588280931          647.305882499742          197.465888764016
          1594.24958680362          647.305883780959          197.753263697814
          1596.60561954204          647.305889932161          198.017831420435
            1598.964132837          647.305899617489          198.256649122803
          1601.32529791155           647.30591772591          198.464981302048
          1603.68917395027          647.305938816439           198.63733553412
          1606.05557433651          647.305968058997          198.769802354566
          1608.42427590487          647.306000165078          198.855955763974
          1610.79475288918          647.306040787534          198.889511076389
          1613.16596826898          647.306067668585          198.863786623568
          1615.53641363088          647.306061625697          198.772025386815
          1617.90389190014           647.30602935288          198.603603524554
           1620.2650351986          647.305998044201          198.343598566084
          1622.61311308531          647.305966070773          197.964907554551
          1624.92684692076          647.305929184557          197.389561664586