0.000000 0.000000 0.000000 0.000000
0.004972 0.007487 0.005738 -0.008054
0.013688 0.012236 0.014869 -0.012585
0.023193 0.015726 0.024576 -0.015750
0.032980 0.018583 0.034474 -0.018217
0.042903 0.021048 0.044461 -0.020274
0.052904 0.023243 0.054498 -0.022067
0.062954 0.025238 0.064567 -0.023674
0.073038 0.027075 0.074657 -0.025143
0.083146 0.028782 0.084763 -0.026505
0.093273 0.030380 0.094883 -0.027775
0.103415 0.031882 0.105012 -0.028969
0.113569 0.033300 0.115150 -0.030091
0.123732 0.034641 0.125297 -0.031152
0.133905 0.035912 0.135450 -0.032152
0.144084 0.037120 0.145609 -0.033096
0.154270 0.038269 0.155775 -0.033986
0.164461 0.039363 0.165945 -0.034825
0.174657 0.040405 0.176120 -0.035613
0.184857 0.041399 0.186299 -0.036353
0.195061 0.042347 0.196482 -0.037044
0.205268 0.043251 0.206669 -0.037689
0.215478 0.044113 0.216859 -0.038287
0.225692 0.044935 0.227053 -0.038840
0.235907 0.045718 0.237249 -0.039347
0.246126 0.046463 0.247447 -0.039809
0.256346 0.047172 0.257649 -0.040227
0.266569 0.047845 0.267852 -0.040601
0.276793 0.048483 0.278058 -0.040931
0.287019 0.049087 0.288266 -0.041216
0.297247 0.049657 0.298475 -0.041459
0.307476 0.050193 0.308685 -0.041660
0.317707 0.050697 0.318897 -0.041817
0.327939 0.051167 0.329110 -0.041930
0.338172 0.051604 0.339323 -0.042001
0.348406 0.052010 0.349537 -0.042030
0.358641 0.052382 0.359751 -0.042015
0.368877 0.052723 0.369967 -0.041958
0.379114 0.053030 0.380181 -0.041858
0.389351 0.053304 0.390396 -0.041715
0.399589 0.053546 0.400610 -0.041530
0.409827 0.053755 0.410823 -0.041301
0.420066 0.053931 0.421037 -0.041029
0.430305 0.054073 0.431248 -0.040716
0.440544 0.054181 0.441459 -0.040361
0.450784 0.054255 0.451668 -0.039962
0.461023 0.054294 0.461876 -0.039522
0.471262 0.054298 0.472083 -0.039039
0.481501 0.054267 0.482286 -0.038516
0.491740 0.054200 0.492488 -0.037952
0.501978 0.054098 0.502688 -0.037347
0.512216 0.053958 0.512884 -0.036701
0.522453 0.053781 0.523078 -0.036016
0.532690 0.053566 0.533268 -0.035291
0.542926 0.053314 0.543455 -0.034528
0.553161 0.053024 0.553639 -0.033727
0.563395 0.052694 0.563819 -0.032889
0.573628 0.052325 0.573995 -0.032014
0.583860 0.051918 0.584167 -0.031105
0.594090 0.051472 0.594335 -0.030163
0.604319 0.050987 0.604499 -0.029187
0.614547 0.050461 0.614658 -0.028181
0.624772 0.049896 0.624813 -0.027144
0.634995 0.049290 0.634963 -0.026079
0.645217 0.048644 0.645108 -0.024987
0.655435 0.047958 0.655249 -0.023871
0.665651 0.047231 0.665386 -0.022732
0.675864 0.046462 0.675519 -0.021572
0.686074 0.045654 0.685648 -0.020395
0.696281 0.044805 0.695773 -0.019202
0.706484 0.043915 0.705895 -0.017996
0.716683 0.042985 0.716015 -0.016781
0.726879 0.042016 0.726132 -0.015558
0.737070 0.041009 0.736248 -0.014333
0.747257 0.039964 0.746363 -0.013109
0.757441 0.038881 0.756477 -0.011890
0.767620 0.037764 0.766591 -0.010680
0.777796 0.036611 0.776707 -0.009483
0.787968 0.035427 0.786824 -0.008305
0.798137 0.034211 0.796944 -0.007151
0.808302 0.032965 0.807067 -0.006025
0.818465 0.031692 0.817194 -0.004934
0.828626 0.030394 0.827325 -0.003883
0.838785 0.029072 0.837463 -0.002880
0.848943 0.027731 0.847607 -0.001929
0.859100 0.026373 0.857756 -0.001038
0.869255 0.024997 0.867915 -0.000216
0.879410 0.023600 0.878081 0.000528
0.889563 0.022186 0.888256 0.001185
0.899713 0.020751 0.898440 0.001746
0.909860 0.019284 0.908633 0.002194
0.920000 0.017785 0.918834 0.002520
0.930131 0.016233 0.929041 0.002707
0.940247 0.014621 0.939252 0.002741
0.950343 0.012930 0.949462 0.002599
0.960412 0.011137 0.959663 0.002262
0.970441 0.009220 0.969847 0.001702
0.980412 0.007144 0.979996 0.000873
0.990291 0.004837 0.990079 -0.000302
0.999944 0.002054 1.000000 -0.002054
