0.000000 0.000000 0.000000 0.000000
0.004268 0.009074 0.004812 -0.008556
0.012431 0.015272 0.013484 -0.014055
0.021630 0.019847 0.022852 -0.018323
0.031232 0.023502 0.032478 -0.021981
0.041034 0.026559 0.042237 -0.025266
0.050953 0.029190 0.052083 -0.028298
0.060946 0.031495 0.061989 -0.031132
0.070994 0.033542 0.071944 -0.033799
0.081081 0.035375 0.081936 -0.036318
0.091199 0.037024 0.091958 -0.038702
0.101341 0.038515 0.102003 -0.040962
0.111502 0.039868 0.112069 -0.043108
0.121679 0.041096 0.122155 -0.045146
0.131868 0.042215 0.132258 -0.047083
0.142067 0.043236 0.142377 -0.048924
0.152275 0.044166 0.152509 -0.050674
0.162490 0.045016 0.162655 -0.052335
0.172711 0.045792 0.172812 -0.053911
0.182937 0.046499 0.182980 -0.055403
0.193167 0.047142 0.193159 -0.056812
0.203402 0.047725 0.203349 -0.058138
0.213639 0.048251 0.213547 -0.059382
0.223879 0.048723 0.223755 -0.060543
0.234122 0.049141 0.233972 -0.061619
0.244367 0.049506 0.244198 -0.062610
0.254613 0.049822 0.254431 -0.063518
0.264861 0.050089 0.264671 -0.064340
0.275110 0.050307 0.274917 -0.065075
0.285360 0.050479 0.285170 -0.065724
0.295610 0.050605 0.295427 -0.066288
0.305860 0.050688 0.305689 -0.066769
0.316110 0.050727 0.315955 -0.067168
0.326361 0.050725 0.326224 -0.067483
0.336612 0.050683 0.336495 -0.067717
0.346863 0.050605 0.346769 -0.067874
0.357110 0.050495 0.357044 -0.067958
0.367358 0.050351 0.367319 -0.067965
0.377605 0.050173 0.377595 -0.067902
0.387853 0.049963 0.387871 -0.067771
0.398100 0.049721 0.398147 -0.067571
0.408347 0.049449 0.408421 -0.067302
0.418593 0.049149 0.418693 -0.066970
0.428839 0.048823 0.428964 -0.066576
0.439084 0.048471 0.439232 -0.066122
0.449328 0.048094 0.449498 -0.065607
0.459571 0.047693 0.459760 -0.065033
0.469814 0.047269 0.470018 -0.064403
0.480055 0.046824 0.480274 -0.063718
0.490296 0.046357 0.490525 -0.062980
0.500536 0.045871 0.500773 -0.062189
0.510776 0.045364 0.511017 -0.061347
0.521014 0.044839 0.521256 -0.060455
0.531251 0.044296 0.531491 -0.059516
0.541487 0.043734 0.541722 -0.058530
0.551722 0.043155 0.551948 -0.057499
0.561956 0.042558 0.562170 -0.056423
0.572189 0.041944 0.572387 -0.055304
0.582421 0.041311 0.582599 -0.054143
0.592652 0.040659 0.592806 -0.052942
0.602881 0.039989 0.603009 -0.051702
0.613109 0.039298 0.613206 -0.050424
0.623335 0.038586 0.623399 -0.049108
0.633560 0.037852 0.633586 -0.047757
0.643782 0.037096 0.643769 -0.046373
0.654004 0.036316 0.653947 -0.044957
0.664223 0.035512 0.664121 -0.043509
0.674439 0.034684 0.674289 -0.042033
0.684654 0.033832 0.684454 -0.040531
0.694866 0.032955 0.694615 -0.039005
0.705076 0.032054 0.704772 -0.037458
0.715283 0.031131 0.714926 -0.035891
0.725488 0.030185 0.725076 -0.034309
0.735690 0.029220 0.735225 -0.032713
0.745890 0.028237 0.745370 -0.031108
0.756087 0.027237 0.755514 -0.029495
0.766283 0.026224 0.765657 -0.027878
0.776476 0.025199 0.775799 -0.026259
0.786667 0.024166 0.785941 -0.024641
0.796857 0.023127 0.796083 -0.023029
0.807046 0.022084 0.806226 -0.021423
0.817233 0.021040 0.816369 -0.019828
0.827420 0.019997 0.826515 -0.018247
0.837607 0.018956 0.836663 -0.016684
0.847793 0.017919 0.846814 -0.015142
0.857980 0.016885 0.856969 -0.013625
0.868166 0.015855 0.867130 -0.012140
0.878351 0.014828 0.877296 -0.010693
0.888534 0.013802 0.887469 -0.009291
0.898716 0.012774 0.897650 -0.007943
0.908895 0.011741 0.907840 -0.006662
0.919069 0.010698 0.918039 -0.005457
0.929241 0.009641 0.928251 -0.004343
0.939407 0.008561 0.938475 -0.003337
0.949567 0.007453 0.948712 -0.002455
0.959715 0.006306 0.958959 -0.001717
0.969849 0.005106 0.969215 -0.001144
0.979961 0.003829 0.979473 -0.000761
0.990033 0.002419 0.989721 -0.000597
1.000000 0.000682 0.999932 -0.000682
