 1700.38149491254          793.357392219275          213.566174513947
          1698.46478671513          793.357388337054          214.279308056617
          1696.50842745784          793.357385398433          214.825558100893
          1694.53601809024          793.357383255372          215.282821687623
          1692.55413232111          793.357381559755          215.676862945588
          1690.56585700392          793.357380464758          216.021481941612
          1688.57319068475          793.357379880753          216.327034231304
          1686.57738404399           793.35737979313          216.602380902679
          1684.57944720596           793.35738001764          216.855105121687
          1682.58004216481          793.357380581543          217.091627606947
          1680.57974677188          793.357381164221           217.31716228522
          1678.57874950095          793.357382027194          217.535519093373
          1676.57746082968          793.357382844717          217.749554076426
          1674.57590349491          793.357383565091          217.961039219941
          1672.57413214676          793.357384386026          218.170784509571
          1670.57230286705          793.357385148719          218.379127774762
          1668.57031936277          793.357385786391          218.585716072063
            1666.568079621          793.357386294458          218.789877904802
          1664.56554045066          793.357386746445          218.990851352111
          1662.56277859995          793.357387171149           219.18775135523
          1660.55966084659          793.357387567384          219.379569212418
          1658.55605585791          793.357387942825          219.565364933927
          1656.55197742765          793.357388322757          219.744396939289
          1654.54747212817          793.357388727472          219.916023922255
           1652.5423585084          793.357389180545          220.079631004959
          1650.53674438539          793.357389701838          220.234634767675
          1648.53061252413          793.357390295785          220.380696346281
           1646.5238886941          793.357390969338          220.517600759327
          1644.51673070318          793.357391719736          220.645201613689
          1642.50907043861          793.357392546716          220.763299633834
          1640.50094835071          793.357393435387          220.871803774483
          1638.49233584679           793.35739437673          220.970843932908
          1636.48335199885          793.357395346449           221.06060957911
          1634.47403456366          793.357396343208          221.141311211249
          1632.46440193118          793.357397321995          221.213049519744
          1630.45444549005          793.357398274547          221.276143659369
          1628.44426167428           793.35739911344          221.330961692817
          1626.43382588684          793.357399809993          221.377883225212
          1624.42322060117          793.357400359683          221.417283041013
          1622.41246149146          793.357400780832          221.449396117115
          1620.40160284192          793.357401082691          221.474527756446
          1618.39067297096          793.357401279421          221.493031282973
          1616.37962160143          793.357401382494           221.50523141168
          1614.36845180294            793.3574013801          221.511375125138
          1612.35732276091          793.357401257365          221.511568847662
          1610.34616673606          793.357401036344          221.505964054223
          1608.33496918683            793.3574007683          221.494749337697
          1606.32380876718          793.357400466334          221.478082409635
          1604.31262684578          793.357400136786          221.456085737658
          1602.30149795456          793.357399792938           221.42873402526
           1600.2904750559          793.357399436113          221.396014173971
          1598.27948276489          793.357399042974          221.358012509842
           1596.2685732712           793.35739861675          221.314768289838
          1594.25776089584          793.357398173533          221.266266319841
          1592.24716710167          793.357397768084          221.212371939249
          1590.23665554028          793.357397386873          221.153074886528
          1588.22630981997           793.35739701356          221.088328458186
          1586.21613423622          793.357396639816          221.018038551713
          1584.20618376871          793.357396260303          220.942033382749
          1582.19654345502          793.357395866589          220.860189970748
          1580.18709582219          793.357395429924          220.772515555152
          1578.17786053805          793.357394960385          220.678887107807
          1576.16900485486          793.357394462918          220.579121134138
          1574.16049871561          793.357393944101          220.473039156524
          1572.15232581075          793.357393403688          220.360566717511
          1570.14442854808          793.357392832151          220.241731498134
          1568.13703609786           793.35739222676          220.116428894038
          1566.13004844471          793.357391574503          219.984501834525
          1564.12344639031          793.357390870968          219.845822886564
          1562.11733820059          793.357390115478          219.700397604084
          1560.11169003386          793.357389307224          219.548234558349
          1558.10654703636          793.357388451007          219.389219977953
          1556.10194974183          793.357387555557          219.223227976139
          1554.09791107896          793.357386624323          219.050136978016
          1552.09451286429          793.357385665675           218.86989987579
          1550.09175918879          793.357384692883          218.682418682356
          1548.08966779917          793.357383716664           218.48747540877
          1546.08827313113          793.357382756206          218.284837197841
          1544.08772354933          793.357381807755          218.074273056729
          1542.08798434534          793.357380882429          217.855511366097
          1540.08918598593          793.357379997282          217.628149408149
          1538.09135844329          793.357379192525          217.391687307278
          1536.09466856706          793.357378457378          217.145595884806
          1534.09923969681          793.357377634303          216.889238125194
          1532.10518669097          793.357376767985          216.621820783838
           1530.1126874712          793.357375924325          216.342314367353
          1528.12199655821          793.357375251387          216.049594153524
          1526.13340803207          793.357374450992          215.742307145889
          1524.14721632827          793.357373656064           215.41868081551
          1522.16396137534          793.357373027133          215.076569988474
          1520.18419391968          793.357372307078          214.713229783991
          1518.20891194752          793.357371767722          214.324953519211
          1516.23928259276          793.357371290276          213.906525289809
          1514.27741287916          793.357370868865          213.450345072725
          1512.32667552342          793.357370531601          212.944738104352
          1510.39318170974          793.357370320424          212.370694386526
          1508.48942796434           793.35737026936          211.694989165574
          1506.64617893843          793.357370422819          210.853085472798
          1504.96581951895          793.357370895251          209.695063327567
          1504.03817903534          793.357371769212          207.869398074298
          1505.18847471911          793.349983812787          206.305946120468
          1507.00619548125          793.349983149931          205.467027465646
          1508.92826441937           793.34998308094          204.904698078428
          1510.88450022683          793.349983346119          204.477581440826
          1512.85632588246          793.349983807634          204.129791527915
          1514.83659196937          793.349984420075          203.833994751141
          1516.82209961359           793.34998519973          203.575102066817
          1518.81116442642          793.349986155286          203.344130303154
          1520.80285687118          793.349987102026          203.135516050132
          1522.79654054898           793.34998840906          202.945630424693
          1524.79188493115          793.349989661244          202.771983533207
          1526.78861862119          793.349991421712          202.612876794537
          1528.78646375069           793.34999297915          202.467040672803
          1530.78543517265          793.349994932681          202.333381090208
          1532.78526616246           793.34999724578          202.211115250726
          1534.78590215157          793.349999546708          202.099596653806
          1536.78736428522          793.350001635731          201.998200137764
          1538.78940919386          793.350003888835          201.906336317363
          1540.79206257888          793.350006321695          201.823684194696
          1542.79531246405          793.350008750653          201.749886108982
          1544.79900880037          793.350011100878          201.684632890678
          1546.80315871843          793.350013305128          201.627666110504
          1548.80767105842          793.350015338791          201.578905708537
          1550.81254000391          793.350017200682          201.538257188461
          1552.81780339684          793.350018865703           201.50555021294
          1554.82322262374           793.35002037775          201.480605259517
          1556.82887928965          793.350021729899          201.463444300813
          1558.83483634782          793.350022930207          201.454103998992
          1560.84082469068          793.350024006302          201.452487706514
           1562.8469196901          793.350024977275          201.458459215889
          1564.85312253551          793.350025865622          201.471928638662
          1566.85933746916          793.350026685559           201.49310932237
           1568.8655331754          793.350027434827          201.522005566404
          1570.87171940223          793.350028131032           201.55851513331
          1572.87781712783          793.350028800097          201.602589025756
          1574.88370788074          793.350029445217          201.654340962546
          1576.88945363418          793.350030073162          201.713919177295
           1578.8950272997          793.350030699982          201.781188879111
          1580.90031764012          793.350031312351          201.856155482994
          1582.90535005851          793.350031879314          201.938995770588
          1584.91007670563           793.35003238458           202.02984952792
          1586.91443013769          793.350032822472          202.128453322169
          1588.91835864683          793.350033215635          202.234792536567
          1590.92183166842          793.350033583232          202.348995834459
          1592.92481612842          793.350033935975          202.471198932006
           1594.9272694513          793.350034273578          202.601453161859
           1596.9291487187           793.35003459877          202.739641273623
          1598.93040558598          793.350034898639          202.885723995744
          1600.93095678962          793.350035149166           203.03979601151
            1602.930860697          793.350035368847          203.202015181492
          1604.93000057408          793.350035571428          203.372527711523
          1606.92832135862          793.350035751138          203.551271618186
           1608.9258067878          793.350035906443          203.738213516836
          1610.92240803461          793.350036049287          203.933500764164
          1612.91810458705          793.350036200101            204.1372512505
           1614.9127781949          793.350036318688          204.349535421042
          1616.90648590001          793.350036402321          204.570348693072
          1618.89911224365          793.350036475686          204.799576220421
          1620.89070640627          793.350036530138          205.037229784039
          1622.88122668836          793.350036566305          205.283315987621
          1624.87064099133          793.350036591732           205.53777704979
          1626.85897491684           793.35003661566          205.800456627011
          1628.84617710551          793.350036624969          206.071091260452
          1630.83225091441          793.350036645443          206.349432724903
           1632.8173252913          793.350036631492          206.635261374716
          1634.80130500062           793.35003660729          206.928301699387
          1636.78428686219          793.350036589587          207.228156684425
           1638.7663337537          793.350036569921          207.534252516679
          1640.74755590831          793.350036516207          207.846078141782
          1642.72796898291            793.3500364425          208.163105097671
           1644.7077490915          793.350036334676          208.484740311511
          1646.68700213732          793.350036196855          208.810119612985
          1648.66579817561          793.350036026673          209.138538434148
          1650.64437989885          793.350035800239           209.46908991034
          1652.62286839857          793.350035511915          209.800917351465
          1654.60138128418          793.350035148737          210.133110417089
          1656.58008560749           793.35003468901          210.464575219537
          1658.55922089836            793.3500340984          210.794120884861
          1660.53892957839          793.350033338148          211.120655309948
          1662.51937672325          793.350032385225          211.443015467973
          1664.50076067917          793.350031184104          211.759868288052
          1666.48331095175          793.350029754136          212.069606066308
          1668.46716621718          793.350028125371          212.370552213356
          1670.45257262203           793.35002618571          212.661068353365
          1672.43967162964          793.350023629915          212.939202319309
           1674.4286801434          793.350020433818          213.201993790651
          1676.41989525587          793.350017046474          213.446690872845
          1678.41332901073          793.350013849429           213.67054032432
          1680.40923358661          793.350009495436          213.869435707982
          1682.40774699351          793.350005559304          214.038109075816
          1684.40882373425          793.350001413476          214.172885866232
          1686.41221729028          793.349997706608          214.267462916599
          1688.41769131271          793.349994017768          214.316055273156
          1690.42431136903          793.349991448524          214.311282282983
          1692.43108642892          793.349989747887          214.246003916307
          1694.43622913614          793.349989206326          214.110188917239
          1696.43692890329          793.349989982627          213.890515740434
          1698.42789324269          793.349992391709          213.561368643566
          1700.39203117967          793.349996823226          213.049540890942