      1850.62353518524          1084.16455894491          257.884003205148
          1849.39713666399          1084.16590174438          258.169470076137
          1848.14555568968          1084.16667056585           258.39384591074
          1846.88382786034          1084.16721806587          258.588862123106
          1845.61602125274          1084.16770407126          258.763428757216
          1844.34400086689          1084.16812316788          258.922234159388
          1843.06917275106          1084.16850965675          259.068219000209
          1841.79237302232          1084.16886685815          259.203994286673
          1840.51416283674           1084.1691393487          259.332285891282
          1839.23509223612          1084.16945495559           259.45390809682
          1837.95546293064          1084.16968033312           259.57148991539
          1836.67554054489          1084.16994735605          259.684938896882
          1835.39545532431          1084.17017246605          259.795792295156
          1834.11523319208          1084.17035775454          259.904481802821
          1832.83506344907          1084.17056524156          260.010582321428
          1831.55483894029          1084.17076157553          260.114472063088
          1830.27462164033          1084.17093289809          260.216147251169
          1828.99440290587          1084.17107804045           260.31538468923
          1827.71405435056          1084.17121545971          260.411736738689
          1826.43360238823          1084.17135167471          260.504885517182
           1825.1530573217          1084.17148151853          260.594576715434
          1823.87228032869           1084.1716028605          260.680534251047
          1822.59128299252          1084.17171509501          260.762568040547
          1821.31002733155           1084.1718183376          260.840491368519
          1820.02857531695          1084.17191288101          260.914108526476
          1818.74680035124          1084.17199931596          260.983218389181
          1817.46479160292          1084.17207795741          261.047674014238
          1816.18255509859          1084.17214916636          261.107398246144
          1814.90004102503          1084.17221342918          261.162298547157
          1813.61727397105          1084.17227115537          261.212235329232
          1812.33431632098          1084.17232268243          261.257117639041
          1811.05117405295          1084.17236825125           261.29691635516
          1809.76790955084          1084.17240824092          261.331635391652
          1808.48447862806          1084.17244296025          261.361273093541
          1807.20096726504          1084.17247251977          261.385767225665
          1805.91741443755          1084.17249656959          261.405114705936
          1804.63373603997          1084.17251407139          261.419345996611
          1803.35003506353          1084.17252570408           261.42854388078
          1802.06644509184          1084.17253245271          261.432753124981
          1800.78285332097          1084.17253505155          261.431922354373
           1799.4992708142          1084.17253406081          261.426065106977
          1798.21575878851          1084.17252982622          261.415240024691
          1796.93232936555          1084.17252240357           261.39953246463
          1795.64903048996          1084.17251143984          261.379015072709
          1794.36587422724          1084.17249625088          261.353606842768
          1793.08278038595          1084.17247758926           261.32329572502
          1791.79991192045          1084.17245764641            261.2881851091
          1790.51711313073            1084.172436873          261.248356086759
          1789.23450203207          1084.17241503156          261.203873747157
          1787.95210389128          1084.17239179036          261.154690030331
          1786.66985299428          1084.17236667385          261.100810549045
          1785.38778458481          1084.17233911385          261.042425605643
          1784.10593601407          1084.17230825521          260.979648184644
          1782.82426656788          1084.17227489446          260.912469714243
          1781.54283530885          1084.17224288926          260.840804969769
          1780.26160763889          1084.17221197036          260.764819076055
          1778.98066636967          1084.17218142502          260.684591482703
           1777.6999340591           1084.1721505594          260.600128478868
          1776.41940713492          1084.17211878164          260.511421433562
          1775.13919752762          1084.17208564531          260.418544290387
          1773.85927163724          1084.17205081057          260.321613225475
          1772.57959496651          1084.17201364623          260.220604947464
          1771.30023560572          1084.17197493016          260.115462266549
          1770.02116918565           1084.1719371853          260.006194301129
          1768.74240939654          1084.17189987709          259.892849245423
          1767.46403457513          1084.17186259069          259.775466369973
          1766.18593625659           1084.1718246972          259.654034906633
          1764.90822056375          1084.17178575507          259.528515255717
          1763.63092861531          1084.17174549659          259.398857148555
          1762.35400040637          1084.17170358157          259.265057998082
          1761.07747150315          1084.17165967844          259.127116477524
          1759.80135139559          1084.17161348237          258.984963462229
          1758.52564316144          1084.17156455971          258.838506825946
           1757.2504522007          1084.17151252507          258.687657315855
          1755.97574205753          1084.17145684852          258.532346393424
          1754.70150437575           1084.1713968225          258.372486105376
          1753.42785497483          1084.17133172456          258.207924034954
          1752.15478864293          1084.17126066082          258.038505274583
          1750.88231221167          1084.17118280089          257.864049518005
          1749.61054065541          1084.17109771766           257.68438383449
           1748.3394581274          1084.17100630346            257.4992762148
          1747.06915558528          1084.17091162347          257.308450437751
            1745.799678844          1084.17081296066          257.111565680307
          1744.53114062488          1084.17069077395            256.9082654435
          1743.26366190548          1084.17054361548          256.698085385417
          1741.99728935101          1084.17038321842          256.480561171329
          1740.73226424178          1084.17023591207          256.255167363839
          1739.46876121584          1084.17003521841          256.021064942086
          1738.20703398775          1084.16980397122          255.777453800983
          1736.94730712488          1084.16958400112          255.523414020401
          1735.69005483916          1084.16927576317          255.257382597632
          1734.43588881379          1084.16896969201           254.97784451402
          1733.18566147152          1084.16861805882          254.682244567364
          1731.94064225833          1084.16817178001          254.367071654095
          1730.70306018053          1084.16765297013          254.027124805495
           1729.4770031029          1084.16701494647          253.653882674781
          1728.27051907437          1084.16611974877           253.23256724512
          1727.10349072988          1084.16489561844          252.733796450342
          1726.04343428306          1084.16448561577          252.082537384824
          1725.46982837001           1084.1656714301          251.112992129297
          1726.24055512444          1084.17791817744          250.142220131216
          1727.41301785087          1084.17788740417           249.63455848947
          1728.64867016599          1084.17932977722          249.301534810141
          1729.90373992955          1084.18033376343          249.057295513869
          1731.16725644745          1084.18109301747          248.864790552989
          1732.43530477832          1084.18173719025          248.705779804087
          1733.70613075519          1084.18229671989          248.570174200528
          1734.97877951043          1084.18280692725          248.452023414474
          1736.25265257191          1084.18318042542          248.347429399429
          1737.52762175101          1084.18358331717          248.254360198238
          1738.80330623122          1084.18388091048          248.170933138283
          1740.07970315481          1084.18421618631           248.09644802586
          1741.35669220044          1084.18445842362          248.029832351157
          1742.63413137518          1084.18470866771          247.970754194559
          1743.91194613779          1084.18496026265          247.918818668044
           1745.1901842527          1084.18517669023          247.873615052326
          1746.46868616218          1084.18535192128          247.834873399237
          1747.74746431334          1084.18552453895          247.802429434422
          1749.02642171395          1084.18569712379          247.776182619455
          1750.30559031965          1084.18586129758           247.75597509224
          1751.58489115073          1084.18601398474          247.741656387779
            1752.864347867          1084.18615463833           247.73311151802
          1754.14396745291          1084.18628431964          247.730340594176
          1755.42352145888          1084.18640419306          247.733302234979
          1756.70317042469          1084.18651510809          247.741894338588
          1757.98285722418          1084.18661794386          247.756003074212
          1759.26250983471          1084.18671306839          247.775656208256
          1760.54214505666          1084.18680091364          247.800881172011
          1761.82173395471          1084.18688166648          247.831600999324
          1763.10121235081          1084.18695559314          247.867713158412
          1764.38059427532          1084.18702293159          247.909136380738
          1765.65986319199          1084.18708407348          247.955999712111
          1766.93897397343           1084.1871391992          248.008331927183
          1768.21791682005          1084.18718870986          248.065992033228
          1769.49663042518          1084.18723340679          248.128943202743
           1770.7751010192           1084.1872740346           248.19728604463
          1772.05340029133          1084.18731061423          248.271044354981
          1773.33132691139          1084.18734299325          248.350087550619
          1774.60901031868          1084.18737195407          248.434434186919
          1775.88635946205          1084.18739557164          248.524206439648
          1777.16333859692          1084.18741345338          248.619447345392
          1778.43998247968          1084.18742726994           248.71993549645
          1779.71619866311          1084.18743780178          248.825654528077
          1780.99198081118          1084.18744557353          248.936667766859
          1782.26733609637          1084.18745078303          249.053016548594
          1783.54222018717          1084.18745325133          249.174683788234
          1784.81665850369          1084.18745280679            249.3015397096
          1786.09047437774          1084.18744915778          249.433488343694
          1787.36382532227          1084.18744271013          249.570557671024
          1788.63660427289          1084.18743404641          249.712766286245
          1789.90872431972          1084.18742341782          249.860031043529
          1791.18024660715          1084.18741074563          250.012247705342
          1792.45113258226          1084.18739562584          250.169302757379
          1793.72130267534          1084.18737733482          250.331153879722
          1794.99086900995          1084.18735454022          250.497759424601
          1796.25965651963           1084.1873272484          250.669028048028
          1797.52771889013          1084.18729845822          250.844788361483
          1798.79508473186          1084.18726844567          251.024827736147
          1800.06171268494          1084.18723657938           251.20905377616
           1801.3275635193          1084.18720217741          251.397345813275
          1802.59265850459          1084.18716434056          251.589552529367
          1803.85701830594          1084.18712199652          251.785487293577
          1805.12059532228          1084.18707418187          251.984915860116
          1806.38339047141          1084.18701987365          252.187641380341
           1807.6455946997          1084.18695979945          252.393449025097
          1808.90700503011          1084.18689770885          252.602064607731
          1810.16784863536          1084.18683310041          252.813219157789
          1811.42804390638           1084.1867655575          253.026591915062
          1812.68772750229          1084.18669452278          253.241865201604
          1813.94690376653          1084.18661943768          253.458721234135
          1815.20567701561          1084.18653956587          253.676809404305
          1816.46416039679          1084.18645445761          253.895701803014
          1817.72242008079          1084.18636389508          254.114928752153
          1818.98053601766          1084.18626750579          254.334023420982
          1820.23861916077          1084.18616484217          254.552508260408
          1821.49679396745           1084.1860554626          254.769902812308
           1822.7551817783          1084.18593869093          254.985612077424
          1824.01392316295          1084.18581378542          255.198949778392
          1825.27312412906          1084.18568016213          255.409347276234
          1826.53293417056          1084.18553759254          255.616217586456
          1827.79350564178          1084.18538680664           255.81885309319
          1829.05486943476          1084.18523075435          256.016386535881
          1830.31726408103          1084.18507660462          256.208003399735
          1831.58081149285          1084.18491662906          256.393015973373
           1832.8454974171          1084.18472547758          256.570713882262
          1834.11168933725          1084.18450869027          256.739796471486
          1835.37938552581          1084.18429264692          256.899114353874
          1836.64879297372          1084.18409609504           257.04760486828
          1837.91984740524          1084.18382855012          257.184200558936
          1839.19287247268          1084.18357761822          257.306636754595
          1840.46762383559          1084.18328555487          257.413983014784
          1841.74408597261            1084.182990284          257.503881963608
          1843.02197202209          1084.18260485411          257.574632259062
          1844.30091252023          1084.18222087138          257.623393536813
          1845.58008210209          1084.18177208003          257.647674507829
          1846.85846127523          1084.18122025613          257.643867042082
          1848.13422707183          1084.18060436064          257.606232935606
          1849.40409537623          1084.17968777027          257.524783730543
          1850.65733812846          1084.17800982152          257.370134817929