  1775.61553113197          938.990134310258          233.318596768852
          1774.04192587655          938.990142951777          233.870668436776
          1772.43680782519          938.990149550547          234.295173812911
          1770.81888748592          938.990154557426          234.653171367597
          1769.19356753234           938.99015884168          234.964502827791
          1767.56317624111          938.990162119045          235.239401149725
          1765.92932817491           938.99016458142          235.485258699061
          1764.29302912395          938.990166222887          235.708214286947
          1762.65519800574           938.99016703547          235.913489602215
          1761.01620285768          938.990167506772          236.105426873658
          1759.37665398531          938.990167578781          236.287567023714
          1757.73665404185          938.990167402105          236.462522557264
          1756.09644591596          938.990167143352          236.632262836347
          1754.45607252072          938.990166892419          236.798019964017
          1752.81570150411          938.990166623637          236.960447112176
          1751.17526207897          938.990166426826          237.119851101356
          1749.53482324606          938.990166356278          237.276103938024
          1747.89419419391          938.990166391067          237.428867362462
          1746.25357891449           938.99016652272          237.577710671413
          1744.61264763029          938.990166749963          237.722148493086
          1742.97152692115           938.99016705417          237.861597516087
          1741.33010021244          938.990167410202          237.995475209328
          1739.68834811172          938.990167785664          238.123351885389
             1738.04628573          938.990168156696          238.244848497957
          1736.40384551883          938.990168490554          238.359554956548
          1734.76105749653          938.990168779673          238.467086294238
          1733.11788066305          938.990169001752          238.567209982096
          1731.47435230971          938.990169139252          238.659782504168
          1729.83047592918          938.990169189958          238.744683242292
          1728.18620501634          938.990169160104          238.821746191068
          1726.54165965027          938.990169060743          238.890879952367
          1724.89686348482          938.990168877968          238.952182811018
          1723.25179349085          938.990168623281          239.005803147933
          1721.60642316296          938.990168301645          239.051903878779
          1719.96095423728          938.990167934624          239.090551022638
          1718.31530356873          938.990167506097          239.121986536352
          1716.66950484441          938.990167076898          239.146514882374
          1715.02354613838          938.990166679286          239.164486020991
          1713.37758199474          938.990166320892          239.176178778388
          1711.73146949673          938.990165993955          239.181789754479
          1710.08527973098          938.990165704939           239.18157940514
          1708.43910529476          938.990165457323          239.175848917356
          1706.79294194486          938.990165251496          239.164878549301
           1705.1468109547          938.990165089092          239.148882695006
          1703.50061647544          938.990164981907          239.127961539703
          1701.85442026845          938.990164941307          239.102239988721
          1700.20825396578          938.990164954897          239.071906882611
          1698.56220342098          938.990165011695          239.037107999255
           1696.9161775482          938.990165092844           238.99795618126
          1695.27022880049          938.990165190469          238.954459689138
          1693.62439659902          938.990165303254          238.906637353106
          1691.97859980238          938.990165433873          238.854591925776
          1690.33291172889          938.990165571747          238.798379271928
          1688.68731365295          938.990165697712          238.737981240419
          1687.04196378212          938.990165795656          238.673365988079
          1685.39671393052          938.990165851982          238.604570864265
          1683.75159458017          938.990165878106          238.531595964702
          1682.10669309114          938.990165871881          238.454367268696
          1680.46202857385          938.990165827176          238.372799832688
          1678.81754340836          938.990165739182          238.286855258219
          1677.17323317018          938.990165613909          238.196546816612
          1675.52921630755          938.990165423372          238.101803728792
          1673.88553098001          938.990165170895          238.002523118017
          1672.24207938213          938.990164888302          237.898582610571
          1670.59897857655          938.990164567582          237.789929503534
          1668.95621519034          938.990164229407          237.676578461586
          1667.31374095324          938.990163864867          237.558416843111
          1665.67160769407          938.990163473794          237.435324214218
           1664.0299582634          938.990163064236          237.307190496705
          1662.38868552943          938.990162645329          237.173945264725
          1660.74780037683          938.990162222297          237.035529458257
          1659.10745715836          938.990161799075          236.891804675597
          1657.46756309192          938.990161380763           236.74260288857
          1655.82815730749          938.990160980668          236.587764079842
          1654.18928129555          938.990160614404          236.427158018291
          1652.55100523888          938.990160276402          236.260649810751
          1650.91337208391          938.990159984167          236.087986949582
          1649.27634656398          938.990159738261          235.908939958461
          1647.64005544262          938.990159550881          235.723282339689
          1646.00446739796          938.990159425407           235.53074846655
          1644.36977021553          938.990159375183          235.331005701443
          1642.73592287325           938.99015938949          235.123657522555
          1641.10305982582           938.99015945075          234.908254812694
          1639.47135605275          938.990159588705          234.684291519342
          1637.84081969104          938.990159810252          234.451102883433
          1636.21168567532          938.990160064792          234.207896889399
          1634.58406571014          938.990160312101          233.953739351717
          1632.95829513695          938.990160623874          233.687524615399
          1631.33469376755          938.990160918245          233.407819793242
          1629.71354550116          938.990161079577          233.112872570909
          1628.09546671843          938.990161177835          232.800499148394
          1626.48114131452           938.99016105728          232.467800680207
          1624.87174672481           938.99016073943          232.110736730795
          1623.26894963512          938.990160094805          231.723625061052
          1621.67549439641           938.99015915505          231.297606662206
          1620.09650505195          938.990157932149          230.818485032635
          1618.54248532355          938.990156313143           230.26120160594
          1617.03888530521          938.990154686399          229.576584837431
          1615.67029268195          938.990153116792          228.649409201575
          1614.92164836479           938.99015218257          227.210067861209
          1615.90262266489          939.020555570863          225.932308491107
          1617.39683696578          939.020557669668          225.251185691799
          1618.97444832876          939.020559120244          224.798334978495
          1620.57914681015          939.020560336161          224.456536205984
          1622.19594179332          939.020561466904          224.179676473579
          1623.81936588324          939.020562574259          223.945477394289
          1625.44675485669          939.020563653633          223.741785400461
          1627.07686026314          939.020564692965          223.561408703766
          1628.70889988649           939.02056544954          223.399924466505
          1630.34249276348           939.02056621092           223.25440575966
          1631.97722231697          939.020566702965          223.122864330641
          1633.61295978901           939.02056714228          223.003913086986
          1635.24958996019          939.020567363111          222.896447797147
          1636.88692653556          939.020567479883          222.799584785716
          1638.52496381299          939.020567484888          222.712680966404
          1640.16350489512          939.020567393625          222.635162689151
          1641.80253484768          939.020567271513          222.566475618907
          1643.44208770698          939.020567105352          222.506206939249
          1645.08200176065          939.020566912466          222.454085997568
          1646.72230550541          939.020566728125           222.40982854081
          1648.36293355437          939.020566564035          222.373167293383
          1650.00380995439          939.020566428103          222.343884470296
          1651.64495681834          939.020566333236          222.321903159714
          1653.28631284652          939.020566274818          222.307127000411
          1654.92783323008          939.020566243938          222.299376469657
          1656.56945692593          939.020566230243          222.298449865364
           1658.2112313341          939.020566222046          222.304337617818
          1659.85311152453          939.020566211592          222.316985252672
          1661.49508777876          939.020566180433          222.336254623027
          1663.13705751421           939.02056612401          222.361957451529
          1664.77896473376          939.020566025899          222.393943084225
          1666.42085381215          939.020565880883          222.432346904244
          1668.06268716508          939.020565687595          222.477050808217
          1669.70441977279          939.020565440139          222.527908178857
          1671.34601955558          939.020565133004          222.584866775061
          1672.98745929442          939.020564764789          222.648001675657
          1674.62878569613          939.020564329687          222.717315024753
          1676.26984784703          939.020563824042          222.792673380439
          1677.91065701965          939.020563236241          222.874112107648
          1679.55117491433            939.0205626177          222.961763703174
          1681.19140669215          939.020561992367          223.055707653624
          1682.83126842946          939.020561367643          223.155744395951
          1684.47076177757          939.020560737793          223.261899589085
          1686.10984203722          939.020560095164          223.374285829425
          1687.74843897378          939.020559427186          223.493016210064
          1689.38654647206          939.020558714783          223.618165923289
          1691.02417565748          939.020557932224          223.749680086531
          1692.66126220755          939.020557089665          223.887528926115
          1694.29770602286          939.020556275163          224.031847558216
          1695.93349274955          939.020555488251          224.182758536875
           1697.5686063021          939.020554697231          224.340396105323
          1699.20301326777          939.020553881067          224.504723529516
          1700.83667948877          939.020553014175          224.675717305964
           1702.4695939825          939.020552061477          224.853492250727
          1704.10172439536          939.020550977007          225.038140770023
          1705.73294129272          939.020549785401          225.229718992332
          1707.36328576682          939.020548618676          225.428206246322
          1708.99271670163          939.020547469505          225.633464261112
          1710.62124555412          939.020546317029          225.845491411257
          1712.24884762909          939.020545142505          226.064274551001
          1713.87543046625          939.020543925093          226.289723399354
          1715.50102137556          939.020542646761          226.521675471776
          1717.12575768186          939.020541310453           226.75989309146
          1718.74951711052          939.020539922385           227.00412095009
          1720.37237491591           939.02053854258          227.254147602558
          1721.99436376835          939.020537277291          227.509683066954
          1723.61545586916          939.020536119588          227.770355505665
          1725.23575938177          939.020535074925          228.035654713425
          1726.85533997194          939.020534149456          228.305082380383
           1728.4743148406          939.020533348536          228.578133794923
          1730.09272614232          939.020532673849          228.854243956747
           1731.7106962705          939.020532140665          229.132778703928
          1733.32834087752          939.020531770933          229.412854793771
          1734.94575693431          939.020531576143          229.693758387366
           1736.5631406784          939.020531563963          229.974719625232
           1738.1805986293          939.020531747038          230.254925862244
          1739.79828207969          939.020532129305           230.53341796822
          1741.41638797245          939.020532712752          230.809161707565
          1743.03500315896          939.020533507669           231.08124753466
           1744.6542590735          939.020534511699          231.348746290966
          1746.27441355106          939.020535712665          231.610599519676
          1747.89562447103          939.020537079546          231.865508689103
          1749.51797794387          939.020538525132            232.1122471562
          1751.14162428068          939.020540114381          232.349654391134
          1752.76685587073          939.020542089551          232.576294143709
          1754.39376261362          939.020544384348          232.789975197601
          1756.02257002222          939.020546704223          232.988786455656
          1757.65336558149          939.020548802037          233.170803665146
          1759.28634836139          939.020551563107          233.333014897558
          1760.92168052098          939.020553999786          233.471606352395
          1762.55921273902          939.020556525145          233.583945374818
          1764.19892273196          939.020558738797          233.665347288405
          1765.84048401273          939.020560889841          233.711768495292
           1767.4832981271          939.020562305016          233.717458182929
          1769.12657577476          939.020563096222          233.677287161009
           1770.7688209257          939.020563045928          233.583882515077
          1772.40788557299          939.020562077995          233.427186970388
          1774.03944065147            939.0205598661          233.187603270554
          1775.64995449329           939.02055606864          232.808128702497