    1489.8878817394          304.780748767962          165.655352505216
          1486.34442405686          304.781177426913          166.485480259237
          1482.75883698316           304.78146833974          167.182745199238
          1479.15742733586          304.781659400888          167.823759900187
          1475.54702697726          304.781808611737          168.429282263207
          1471.93065164537          304.781906680444          169.010154058498
          1468.30995631436          304.781971700012          169.572755205793
          1464.68634911179          304.782018168707          170.121953771613
          1461.06076423554           304.78204159989           170.66159325506
          1457.43376910127          304.782058263362          171.194457977816
          1453.80538479101          304.782066056917          171.722994256658
          1450.17571926853          304.782070708917          172.249035512999
          1446.54540133442          304.782071777621          172.773816547885
          1442.91448381374          304.782070845074          173.298301588911
          1439.28322492428          304.782068006966          173.822999525306
          1435.65196495587          304.782063765567          174.348157284861
          1432.02079696786          304.782058722987          174.873564381853
          1428.38951644082          304.782052370078          175.398883870237
          1424.75820494191          304.782043930522          175.923601655809
          1421.12654883376          304.782033357859          176.447071032245
          1417.49446858693          304.782020687707          176.968354024628
          1413.86182847916           304.78200580198          177.486506452225
           1410.2284682312          304.781988518477          178.000656660757
          1406.59429804188          304.781968712956          178.509899928308
          1402.95923478709          304.781946145317          179.013252046716
          1399.32318050472            304.7819207024          179.509782395974
           1395.6860210039          304.781892122271          179.998715876696
          1392.04767715726          304.781860257613          180.479430937027
          1388.40815833608          304.781825026814          180.951316632132
          1384.76742386946          304.781786328286          181.413812520681
          1381.12542670411          304.781744057898          181.866563490603
          1377.48218788288          304.781698067723          182.309409008723
          1373.83773356552          304.781648022505          182.742310215646
          1370.19210841627          304.781593380542          183.165262100017
           1366.5453829041          304.781533709112           183.57829877424
          1362.89756156887          304.781467797532          183.981660570127
          1359.24873413945          304.781393874885          184.375605629422
          1355.59896683719          304.781315329575          184.760437218728
          1351.94824033497          304.781236081459          185.136433681908
          1348.29668132973          304.781156983525          185.503806485996
          1344.64433936803          304.781078283863          185.862777899383
          1340.99120844052          304.780999050042          186.213578692441
           1337.3373439014          304.780919273602          186.556395627666
          1333.68274741223          304.780839559954          186.891306050902
          1330.02735063439           304.78076085536           187.21828372726
          1326.37134734615          304.780691444729          187.537284880287
          1322.71461585261          304.780646288025           187.84827858841
          1319.05714045838          304.780642841798          188.151222397804
          1315.39898028367          304.780680696957          188.446063596006
          1311.74007936271          304.780757712779          188.732556888984
          1308.08045379877          304.780870638338          189.010465932686
          1304.42015150685          304.781018291338          189.279625312321
          1300.75908423218           304.78120852393           189.53987752815
          1297.09714989963          304.781557595142          189.790880899228
          1293.43471005573          304.781882811614          190.032632996293
          1289.77175960064          304.782119248574          190.264725376996
          1286.10823909967          304.782298094426          190.486845381332
          1282.44408749408          304.782437592301           190.69875779435
          1278.77936007799          304.782547748914          190.900278721964
          1275.11410105509          304.782634466542           191.09094061016
          1271.44828838593          304.782701319875          191.270172516569
          1267.78192061583          304.782750110975          191.437751073775
          1264.11500583864           304.78278267539          191.593487838372
           1260.4476231082           304.78280130966          191.737043690967
          1256.77980050196          304.782806521713          191.867698825782
          1253.11144364864          304.782790695039          191.985091498973
          1249.44261823631          304.782758424182          192.089064885613
          1245.77329792389          304.782706482633           192.17911975885
          1242.10338760658          304.782629097163          192.254528717448
          1238.43304751953          304.782519692485          192.315145220743
          1234.76223329556          304.782369186716          192.360805896564
          1231.09104124442           304.78216354973          192.390979943434
          1227.41963225998           304.78188147369          192.405059817821
          1223.74792815687           304.78149819342          192.402392135945
          1220.07601622616          304.781051217665           192.38290497096
          1216.40396495904           304.78078499203          192.346978729584
          1212.73186308497          304.780681667186          192.293937962806
          1209.05990754841          304.780647570434          192.222880788123
          1205.38813957361          304.780660884685           192.13338907502
          1201.71678124406          304.780697881217          192.024845097739
          1198.04599761165          304.780738183855          191.896270355724
           1194.3759691827          304.780776785171          191.746541667792
          1190.70696421109          304.780811580277          191.574447459961
          1187.03925833035          304.780837917387            191.3785971271
          1183.37323839578            304.7808530299           191.15696502264
          1179.70936296513          304.780857258416          190.907160064623
          1176.04814404578          304.780852560775          190.626489477871
          1172.39027737048           304.78083927015          190.311681937587
          1168.73655279773          304.780822100746          189.958508144964
           1165.0883142022          304.780793099844          189.562101456029
          1161.44692779945          304.780765215934          189.116416768667
          1157.81462091016          304.780726634128          188.613628882306
          1154.19424109162          304.780692143663          188.043258821707
          1150.59015168192          304.780659060298          187.390584540959
          1147.00939603967          304.780627578033          186.633105560795
          1143.46526931105          304.780596118351          185.734871819586
          1139.98573510635          304.780555847246          184.633343822629
          1136.63964646926          304.780462462016          183.209259212178
          1133.64398186774           304.78023897333           181.20042789536
          1132.00662136538          304.779930225313          178.119828292691
          1133.58679201336          304.589456731485          175.260625294205
          1136.62360990998          304.590335709506          173.397000255671
          1139.92627275034          304.590741040601          171.942163662235
          1143.32994856821          304.591021069273          170.682344930162
          1146.78507097541          304.591640193737          169.534831663502
          1150.27444125558          304.592173945726          168.462745163474
          1153.78992825817            304.5916387871          167.452249591203
           1157.3238601513          304.591359322344            166.4886410917
          1160.87228929037          304.591151557739          165.566259756618
          1164.43244940697           304.59099551459          164.681239613845
          1168.00226066774          304.590881913795          163.830391675003
          1171.58039654671          304.590807196102          163.011823483988
          1175.16669753251          304.590735073462          162.223894196911
           1178.7601815625          304.590686336306          161.465150066071
          1182.36016345927          304.590645615985          160.734713421874
          1185.96618073068          304.590607590518          160.031993481497
          1189.57773443826          304.590576922228          159.356277931144
          1193.19439086017          304.590553710679          158.707014136607
           1196.8160081755          304.590536441723          158.084186430729
          1200.44242137361          304.590522309659           157.48776131382
          1204.07342477017          304.590510274114          156.917601503992
          1207.70877962245          304.590500429203          156.373544556337
          1211.34842477525          304.590492663342          155.855855603575
          1214.99227584095           304.59048671823          155.364915587368
          1218.64010815165          304.590482342269          154.900605848384
          1222.29158568986          304.590479219558          154.462661768757
          1225.94652899536          304.590477166635          154.051131537407
          1229.60468519464          304.590476038449          153.666408116879
          1233.26595898485          304.590475655836          153.308321788374
          1236.93000900868          304.590475806279          152.976278435331
          1240.59645618241          304.590476296827          152.669621706567
          1244.26525995226          304.590477025842          152.388351705305
          1247.93615975413          304.590477893718          152.132802475197
          1251.60883695621          304.590478693683          151.902175767485
          1255.28313829268          304.590479279292          151.695440553672
          1258.95875854533          304.590479629684          151.511739072837
           1262.6355268981          304.590479716365          151.351987864783
          1266.31319116997          304.590478847787          151.215289769188
          1269.99160536088          304.590477388074          151.100056664441
          1273.67063007241          304.590475835082          151.006765648308
           1277.3500450102          304.590473743935          150.935736426494
          1281.02962026729          304.590471101737          150.885727211901
           1284.7092363993          304.590467933216          150.855878787989
          1288.38874423905          304.590464144043          150.846397078684
          1292.06788798041          304.590459464001          150.857340510454
          1295.74660768796          304.590453515984          150.888570003937
          1299.42492119775          304.590446561007          150.939316144371
          1303.10260355762          304.590439085092          151.009064086398
          1306.77957342406          304.590430944249          151.097881333431
          1310.45583869325          304.590421958294          151.205756548374
          1314.13136445557          304.590411841529           151.33261153167
          1317.80606242811          304.590400140836          151.478024116055
          1321.47988044035          304.590386175751          151.641461340266
           1325.1528207162          304.590368955269          151.822894013436
          1328.82475010005          304.590348346188          152.022229296246
          1332.49572809832          304.590326280015          152.239334649619
          1336.16558278605          304.590302701341          152.473820690082
          1339.83432025086          304.590277252096          152.725168196587
          1343.50196432854          304.590249441418           152.99303508556
          1347.16846258365          304.590218557418          153.277198033092
          1350.83374206074          304.590183691926           153.57727393961
          1354.49778037751          304.590143872156          153.892742689711
          1358.16063002614          304.590098272536          154.222786404635
          1361.82229890953          304.590048156402          154.566749101056
          1365.48271218597          304.589996596588          154.923954497889
          1369.14188148998          304.589943274822          155.293648806944
          1372.79986388174          304.589887759162          155.674921370586
          1376.45675866648          304.589829442055          156.066602885901
          1380.11257514217          304.589767709969           156.46759423899
          1383.76736055579          304.589701879533          156.876824632357
          1387.42117808937          304.589631247866          157.293262437754
          1391.07410576363          304.589555008671          157.715598730238
          1394.72628196116           304.58947218298          158.142454043199
           1398.3778431894          304.589381721027          158.572578443299
          1402.02890385716          304.589282119861          159.004819602416
          1405.67954374592           304.58917138253          159.438033951732
          1409.32990780608          304.589047214041          159.870987909829
          1412.98011968143           304.58890647329          160.302436552072
          1416.63040412393          304.588745971361          160.731397124079
          1420.28086634182          304.588562034219          161.156916638913
          1423.93156496453          304.588352286092          161.577938919403
          1427.58285845903          304.588119046784          161.993148343654
          1431.23473045178          304.587874717556          162.401235467352
          1434.88742091488          304.587638460454          162.800831676711
          1438.54123599605          304.587388999333          163.190412829751
          1442.19629613594          304.587186868835             163.567107731
          1445.85244055479          304.587124164482          163.927876071567
          1449.50986082366          304.587218576518          164.269845674662
          1453.16875742403           304.58747328737          164.588765482639
          1456.82967805756          304.587782021434          164.880070994922
           1460.4929837883          304.588053618472          165.139785876474
          1464.15920825027          304.588319355462          165.361701060621
          1467.82867101356          304.588530732987          165.538541777415
          1471.50096382967          304.588676998733          165.664211804764
          1475.17514255418          304.588785932975          165.729401611134
          1478.84970511869          304.588858658024          165.724735244434
          1482.52234395343          304.588898270573          165.636622018704
           1486.1882661465          304.588921542493          165.445772353284
          1489.83558136969          304.588947504605          165.115733399336