0.000000 0.000000 0.000000 0.000000
0.004978 0.008774 0.005806 -0.008162
0.013692 0.014226 0.014937 -0.012732
0.023190 0.018140 0.024637 -0.015903
0.032972 0.021251 0.034531 -0.018390
0.042892 0.023871 0.044515 -0.020477
0.052890 0.026157 0.054550 -0.022299
0.062937 0.028200 0.064616 -0.023933
0.073018 0.030054 0.074704 -0.025423
0.083125 0.031756 0.084809 -0.026796
0.093250 0.033331 0.094927 -0.028070
0.103390 0.034797 0.105055 -0.029257
0.113542 0.036168 0.115192 -0.030366
0.123704 0.037454 0.125337 -0.031404
0.133876 0.038665 0.135490 -0.032377
0.144054 0.039807 0.145648 -0.033288
0.154238 0.040887 0.155812 -0.034140
0.164428 0.041910 0.165981 -0.034938
0.174623 0.042879 0.176156 -0.035683
0.184823 0.043797 0.186334 -0.036378
0.195025 0.044669 0.196516 -0.037025
0.205232 0.045495 0.206703 -0.037624
0.215442 0.046278 0.216892 -0.038177
0.225654 0.047020 0.227085 -0.038685
0.235869 0.047722 0.237281 -0.039148
0.246087 0.048386 0.247479 -0.039568
0.256307 0.049013 0.257679 -0.039945
0.266529 0.049604 0.267882 -0.040280
0.276753 0.050160 0.278088 -0.040573
0.286978 0.050682 0.288295 -0.040825
0.297206 0.051171 0.298504 -0.041037
0.307434 0.051628 0.308713 -0.041210
0.317664 0.052052 0.318924 -0.041343
0.327896 0.052445 0.329136 -0.041437
0.338129 0.052808 0.339349 -0.041492
0.348362 0.053141 0.349563 -0.041510
0.358596 0.053444 0.359777 -0.041489
0.368832 0.053718 0.369991 -0.041430
0.379068 0.053963 0.380206 -0.041333
0.389305 0.054179 0.390420 -0.041198
0.399543 0.054368 0.400633 -0.041025
0.409781 0.054530 0.410847 -0.040812
0.420019 0.054665 0.421059 -0.040562
0.430258 0.054772 0.431271 -0.040273
0.440496 0.054854 0.441481 -0.039946
0.450735 0.054909 0.451690 -0.039579
0.460974 0.054938 0.461897 -0.039172
0.471213 0.054941 0.472103 -0.038725
0.481452 0.054918 0.482306 -0.038239
0.491690 0.054869 0.492507 -0.037713
0.501928 0.054793 0.502706 -0.037145
0.512165 0.054691 0.512902 -0.036536
0.522402 0.054562 0.523095 -0.035885
0.532638 0.054405 0.533285 -0.035192
0.542874 0.054221 0.543472 -0.034457
0.553109 0.054009 0.553655 -0.033679
0.563343 0.053766 0.563835 -0.032857
0.573575 0.053493 0.574010 -0.031993
0.583807 0.053189 0.584182 -0.031086
0.594037 0.052852 0.594349 -0.030137
0.604266 0.052480 0.604512 -0.029146
0.614493 0.052073 0.614670 -0.028113
0.624718 0.051628 0.624824 -0.027040
0.634942 0.051144 0.634974 -0.025928
0.645163 0.050619 0.645119 -0.024777
0.655382 0.050051 0.655259 -0.023591
0.665598 0.049438 0.665396 -0.022370
0.675811 0.048780 0.675528 -0.021117
0.686021 0.048074 0.685656 -0.019836
0.696228 0.047321 0.695781 -0.018528
0.706431 0.046519 0.705903 -0.017198
0.716631 0.045668 0.716022 -0.015848
0.726826 0.044769 0.726139 -0.014484
0.737018 0.043822 0.736254 -0.013109
0.747205 0.042827 0.746368 -0.011730
0.757389 0.041788 0.756481 -0.010350
0.767569 0.040703 0.766595 -0.008975
0.777745 0.039576 0.776710 -0.007611
0.787917 0.038410 0.786827 -0.006264
0.798087 0.037207 0.796946 -0.004939
0.808253 0.035969 0.807069 -0.003643
0.818416 0.034700 0.817195 -0.002383
0.828577 0.033404 0.827327 -0.001166
0.838737 0.032083 0.837464 0.000000
0.848895 0.030741 0.847606 0.001108
0.859052 0.029380 0.857757 0.002148
0.869208 0.027999 0.867914 0.003108
0.879364 0.026598 0.878080 0.003975
0.889517 0.025172 0.888255 0.004737
0.899668 0.023714 0.898439 0.005375
0.909815 0.022211 0.908632 0.005866
0.919956 0.020647 0.918832 0.006194
0.930087 0.019001 0.929040 0.006328
0.940204 0.017245 0.939250 0.006245
0.950301 0.015348 0.949460 0.005909
0.960369 0.013271 0.959662 0.005287
0.970398 0.010968 0.969845 0.004335
0.980371 0.008378 0.979995 0.002991
0.990249 0.005376 0.990078 0.001133
0.999902 0.001590 1.000000 -0.001590
