0.000000 0.000000 0.000000 0.000000
0.004978 0.005636 0.005663 -0.008469
0.013693 0.009102 0.014795 -0.013465
0.023192 0.011613 0.024496 -0.017101
0.032975 0.013643 0.034391 -0.020066
0.042896 0.015380 0.044377 -0.022636
0.052894 0.016916 0.054413 -0.024950
0.062943 0.018300 0.064481 -0.027086
0.073025 0.019566 0.074570 -0.029092
0.083132 0.020735 0.084677 -0.030995
0.093258 0.021823 0.094796 -0.032814
0.103399 0.022840 0.104926 -0.034559
0.113553 0.023796 0.115064 -0.036237
0.123717 0.024695 0.125211 -0.037852
0.133888 0.025545 0.135365 -0.039407
0.144068 0.026348 0.145525 -0.040902
0.154253 0.027109 0.155690 -0.042339
0.164444 0.027829 0.165861 -0.043717
0.174640 0.028512 0.176037 -0.045036
0.184840 0.029160 0.186216 -0.046297
0.195044 0.029775 0.196400 -0.047500
0.205252 0.030358 0.206588 -0.048643
0.215463 0.030910 0.216779 -0.049728
0.225676 0.031434 0.226973 -0.050752
0.235892 0.031930 0.237170 -0.051717
0.246111 0.032399 0.247370 -0.052621
0.256332 0.032841 0.257573 -0.053465
0.266554 0.033257 0.267777 -0.054248
0.276779 0.033648 0.277983 -0.054969
0.287006 0.034013 0.288192 -0.055627
0.297234 0.034353 0.298402 -0.056223
0.307464 0.034667 0.308613 -0.056756
0.317695 0.034956 0.318826 -0.057226
0.327927 0.035219 0.329040 -0.057631
0.338161 0.035456 0.339254 -0.057971
0.348395 0.035667 0.349469 -0.058248
0.358631 0.035851 0.359685 -0.058463
0.368868 0.036009 0.369900 -0.058612
0.379105 0.036138 0.380116 -0.058696
0.389343 0.036240 0.390331 -0.058719
0.399581 0.036313 0.400546 -0.058680
0.409820 0.036358 0.410761 -0.058576
0.420060 0.036373 0.420975 -0.058411
0.430299 0.036358 0.431188 -0.058187
0.440539 0.036313 0.441400 -0.057903
0.450779 0.036237 0.451611 -0.057559
0.461019 0.036129 0.461819 -0.057155
0.471259 0.035990 0.472026 -0.056696
0.481498 0.035819 0.482231 -0.056182
0.491737 0.035616 0.492433 -0.055613
0.501976 0.035381 0.502634 -0.054990
0.512215 0.035113 0.512832 -0.054315
0.522453 0.034813 0.523026 -0.053588
0.532690 0.034481 0.533217 -0.052814
0.542927 0.034119 0.543406 -0.051991
0.553162 0.033726 0.553591 -0.051121
0.563397 0.033304 0.563772 -0.050206
0.573631 0.032852 0.573948 -0.049247
0.583864 0.032373 0.584121 -0.048247
0.594095 0.031868 0.594290 -0.047206
0.604324 0.031339 0.604454 -0.046126
0.614553 0.030785 0.614614 -0.045009
0.624779 0.030210 0.624770 -0.043856
0.635003 0.029613 0.634921 -0.042670
0.645225 0.028998 0.645068 -0.041452
0.655445 0.028364 0.655209 -0.040204
0.665663 0.027713 0.665347 -0.038928
0.675877 0.027046 0.675481 -0.037626
0.686088 0.026364 0.685610 -0.036300
0.696296 0.025668 0.695736 -0.034952
0.706500 0.024958 0.705860 -0.033585
0.716700 0.024235 0.715981 -0.032201
0.726897 0.023499 0.726099 -0.030803
0.737090 0.022750 0.736215 -0.029393
0.747279 0.021989 0.746331 -0.027975
0.757464 0.021217 0.756446 -0.026553
0.767644 0.020433 0.766561 -0.025128
0.777821 0.019638 0.776677 -0.023707
0.787994 0.018834 0.786796 -0.022292
0.798164 0.018022 0.796917 -0.020888
0.808332 0.017202 0.807041 -0.019500
0.818496 0.016377 0.817168 -0.018133
0.828658 0.015549 0.827301 -0.016793
0.838819 0.014721 0.837439 -0.015484
0.848978 0.013893 0.847584 -0.014211
0.859136 0.013070 0.857735 -0.012979
0.869294 0.012254 0.867895 -0.011795
0.879450 0.011446 0.878062 -0.010663
0.889604 0.010649 0.888238 -0.009585
0.899757 0.009864 0.898424 -0.008567
0.909905 0.009091 0.908618 -0.007611
0.920046 0.008330 0.918820 -0.006720
0.930178 0.007580 0.929029 -0.005896
0.940296 0.006840 0.939241 -0.005143
0.950394 0.006107 0.949453 -0.004463
0.960464 0.005381 0.959656 -0.003860
0.970494 0.004660 0.969841 -0.003342
0.980467 0.003939 0.979992 -0.002919
0.990346 0.003207 0.990077 -0.002606
1.000000 0.002417 1.000000 -0.002417
