                 1458.6867                 120.26846                 140.52528
          1454.12279163386          120.302850038168          141.864278902608
          1449.48733277841          120.282491823395          143.007189480966
          1444.82073033881          120.221324930035          144.062517748592
          1440.13418290251          120.128031457236          145.063606399328
          1435.43333561105          120.012860685691          146.026217546455
          1430.72227269329          119.885775259189          146.959854392063
          1426.00328348332          119.751223167362          147.870049894867
          1421.27694219304          119.605065155726          148.759526834983
          1416.54581032344          119.457746052445          149.632261219329
          1411.81455821179          119.332716156534          150.493630051313
          1407.08581027073          119.239481187929           151.34626108892
          1402.35796812459          119.165504784981          152.189064761884
          1397.63220843203          119.111912660521          153.022955585785
          1392.90753367596          119.073021498407          153.847809947822
            1388.181903865          119.035209340114          154.662324162285
          1383.45398426771          118.992980109222          155.466323700628
          1378.72497400182            118.9510590885          156.260942003113
          1373.99492215996          118.910840964744          157.046767864418
          1369.26410261621          118.873023830973          157.824201213122
          1364.53235298212          118.838174827385          158.593505382871
          1359.79995141908          118.807137960325          159.354943774217
           1355.0668647765          118.780061235418           160.10865954802
          1350.33288313897          118.755868955193          160.854617124268
          1345.59783390769          118.734620512125          161.592846593097
          1340.86175341542          118.716335087339          162.323305803636
          1336.12456934422          118.700946488212          163.045974583206
          1331.38626685144          118.688429086627          163.760877909825
          1326.64693876347          118.678702207155          164.467919231403
          1321.90647211382          118.671666392497          165.166976805837
          1317.16487219007          118.667224388876           165.85799752629
          1312.42226503652          118.665338123404          166.540973267455
          1307.67868135619          118.665982110451          167.215935067567
          1302.93412046929          118.668903207033          167.882896621546
          1298.18861932951          118.673671912244          168.541873486237
          1293.44215508265          118.679947042145           169.19300320487
          1288.69472813245          118.687661899682          169.836514454466
          1283.94651031341          118.696778923689          170.472709542855
          1279.19751503594          118.707190714486          171.101881131867
          1274.44795295608          118.718866947613          171.724352186482
          1269.69770422095          118.731721428912          172.340530792696
          1264.94693215807          118.745700438332          172.950819811422
          1260.19578723531          118.760786690505          173.555604900494
          1255.44428375673          118.776990573579          174.155258142525
          1250.69246667343          118.794332657313          174.750130057285
           1245.9404255877           118.81279467809          175.340538112989
          1241.18819527634           118.83235201132           175.92675247949
          1236.43584947135          118.853090492614          176.508993065456
          1231.68347602638          118.874936021566          177.087446994511
          1226.93104435478          118.897890418507            177.6622394163
          1222.17864332239          118.921951410242           178.23345353158
          1217.42626423659          118.947101422567          178.801151460147
          1212.67381338482          118.973325324083          179.365387767025
          1207.92159949963          119.000602829092          179.926209800569
          1203.16950952077          119.028908262088          180.483625112224
          1198.41747015469          119.058219397577          181.037641955111
          1193.66567793714          119.088507213125          181.588319710797
          1188.91413552138          119.119754889501          182.135697561574
          1184.16275287382          119.151864334617          182.679787443187
          1179.41156634211          119.184691874225          183.220550098607
          1174.66058440646          119.218042979168          183.757893498463
          1169.90959327637          119.251648328491          184.291667996882
            1165.158518774            119.2851742645          184.821616965369
          1160.40716622564           119.31780893652          185.347407955213
          1155.65535606441          119.349603305239          185.868580107548
          1150.90346476401          119.381224197738          186.384427739885
           1146.1517127349          119.413370626525          186.894150870901
          1141.40037523678          119.446625363664          187.396875484644
           1136.6498243956          119.481662671806          187.891631486969
          1131.90004108758          119.518777084747          188.376884415283
          1127.15097046519          119.557840135857          188.850871752894
          1122.40246102734          119.598464193535          189.311863426642
          1117.65420395975          119.640130380522          189.758158594371
          1112.90587876671          119.682431343768          190.187803364802
          1108.15704012333          119.724564726236          190.598111304355
          1103.40717402562          119.765591387312          190.986533068117
          1098.65592338045          119.805086662301          191.351036627733
          1093.90314893678          119.842898985698          191.688629025448
          1089.14857066413          119.878747412008          191.995875889624
          1084.39214186903          119.912502596832          192.270265474589
          1079.63348630001          119.943924852099          192.508097520591
          1074.87249277654          119.972724854046          192.704584859473
          1070.10911715993          119.998806918208          192.855461869894
          1065.34336346375          120.022175939636          192.957182013772
          1060.57499349867          120.042424283611          193.003660701313
          1055.80380435816           120.05894368722          192.988266935264
          1051.03018436171          120.071601247334          192.905340474879
           1046.2546679388          120.080974940974          192.747994026446
          1041.47806715022          120.087215169935          192.506983471681
          1036.70084005028          120.089386051381          192.172715586045
          1031.92434788182          120.087539856232           191.73468019484
          1027.15063209698          120.081954440626           191.17781082811
          1022.38377011212          120.074456374069          190.483880627497
          1017.63130196515          120.069422675417           189.62860913305
          1012.90617635521          120.074480058675          188.575656772861
          1008.22902534149          120.097855653502          187.271610415909
          1003.63130741978          120.136747103282           185.62650185188
           999.18314446655          120.173868166127          183.473766499197
          995.153110661154          120.210178055315          180.443808899301
                 992.83239                   120.252                 175.83109
          994.810968826935          120.240567533691          170.523273022646
          998.543364511725           120.18741675509          166.757219096676
          1002.64911998003          120.124982721735          163.672636905377
          1006.90708799205          120.063039502585          160.960460269598
          1011.26269855762          120.021646286093          158.504311108244
           1015.6715634102          119.975885280811          156.242127985422
          1020.12623507747          119.936258183196          154.140513006683
          1024.61223537169          119.893911461496           152.17326483972
          1029.13138672749           119.86096060303          150.323188306847
          1033.68192735376          119.842048396164          148.574817704907
          1038.26285486623          119.841540740116          146.915123967217
          1042.86871672456          119.855247760125          145.331728073007
          1047.49012488916          119.871442075175          143.812695108698
            1052.124737377          119.889098699799          142.349696193325
          1056.77132777271          119.908548980271          140.936306878708
          1061.42799732485          119.928554227485           139.56786843581
          1066.09393153238          119.949175566811          138.241356444801
          1070.76863371537          119.970126109544          136.954886501146
          1075.45136810102          119.991275089224          135.708232148999
          1080.14179929663          120.012061841625           134.50198452511
          1084.83922186248          120.031890613317          133.336986554351
          1089.54381612835           120.05111094226          132.214424072568
          1094.25519704997          120.068985940772          131.136219524651
          1098.97292379446          120.084971564081          130.104577827035
          1103.69701189505          120.099090214954          129.120773292664
          1108.42771095855          120.112277388972          128.185700083111
          1113.16544018927          120.125610218154            127.3008356005
          1117.91004517935          120.138967253698          126.468016662334
          1122.66102423362          120.151984407591          125.687645468614
          1127.41790852717          120.164418091654           124.95911148037
          1132.18021834984          120.176137174765          124.281265602249
          1136.94762628465          120.187131497966           123.65450762067
          1141.71998597197            120.1972708555          123.080418365887
          1146.49683276972          120.206206574513          122.557605646348
           1151.2773792701          120.213716703347          122.083557578645
          1156.06130435805          120.219866458394          121.655853316613
          1160.84878380753          120.224747296129          121.279320439599
          1165.63942458361           120.22844437113          120.948042660168
          1170.43240556069           120.23056565098          120.660595259328
          1175.22775406336           120.23108580551          120.419612796415
          1180.02552546226          120.230341360362          120.224512344702
          1184.82548936356          120.228875045352          120.071464349586
          1189.62760391495          120.227463298617          119.958735771819
          1194.43194510603          120.226632416675          119.886625976884
          1199.23835158925          120.226447315655          119.854292591117
          1204.04666985867          120.227272833057          119.860437519788
          1208.85651896753          120.228764678272          119.902284890632
          1213.66739450062          120.230673521952          119.977685993266
          1218.47907414954          120.232746137871          120.085339345634
          1223.29123779224          120.234807707772          120.223780325143
          1228.10338346585           120.23621490277          120.391190853408
          1232.91513594477          120.236509126764          120.585285304559
          1237.72630773039          120.235613548472          120.803815160599
          1242.53665945065          120.233232977741          121.045292979519
          1247.34614247733          120.229889229439          121.308426388627
          1252.15467634111           120.22555215977          121.591794714569
          1256.96199459061          120.220265356083          121.893758046651
          1261.76822229705          120.214047138025          122.212732157704
          1266.57315909423          120.206905134899          122.547541681802
          1271.37659467325          120.198879892267          122.897197634439
          1276.17860861922          120.190068335863          123.260716755245
          1280.97924506515          120.180598113213          123.637185843075
          1285.77842274204          120.170589503884          124.025612351784
           1290.5760111438          120.160118388026          124.425279884341
          1295.37232246514          120.149144344224          124.835619656374
          1300.16717053375          120.137625855029          125.256091316484
          1304.96062256028          120.125545260378          125.686219531784
          1309.75289159663          120.113192660005          126.125656773952
          1314.54406754595          120.100879727388          126.574223107912
          1319.33445736284          120.088788047351          127.031846072204
          1324.12423248984          120.077021004544          127.498517048793
          1328.91353336767          120.065689286242          127.974256918042
          1333.70265926031          120.054914081489          128.459103889924
          1338.49173123798          120.044820506391          128.953165490336
          1343.28105340381          120.035401410678          129.456537795338
          1348.07072995392          120.026368615378           129.96918061184
           1352.8609435584          120.017616199427          130.490924875051
           1357.6518590814          120.009125400234          131.021344334157
          1362.44376279536          120.000953309126          131.559915165178
          1367.23684090805          119.993414632832          132.105975849393
          1372.03108911376          119.986322232606          132.658324222261
          1376.82654185201          119.979157350276          133.215027682186
          1381.62336420028          119.971292082866          133.773915971988
          1386.42140899311          119.961969288947          134.332592123528
          1391.22057299229           119.94946059737          134.888048999537
          1396.02121765199          119.934475562274          135.436697402798
          1400.82506489681           119.92479611784          135.976779807936
          1405.63353076528          119.927619918976          136.506226467637
          1410.44657073938          119.942692198704          137.020168312149
          1415.26588715933          119.978874066346          137.514869134727
          1420.09102885093          120.035747947449           137.98518575782
          1424.91901929094          120.096283264156          138.421074001223
          1429.74785035795          120.148950525457          138.812333200202
           1434.5771963777          120.196501783124          139.153950976556
          1439.40610496563          120.239942957386          139.438581755143
          1444.23198083715          120.273012525912          139.659669585604
          1449.05108868375          120.289893077925          139.814168721069
          1453.85894125788          120.286855570145          139.910145080743
                 1458.6455                  120.2576                 140.00318