 1478.9738683968          243.214576535141           157.99538300194
          1475.08234840811          243.214321059542           158.87593116236
          1471.14269489408          243.213933398198          159.630495671233
          1467.18498069352          243.213436706448          160.333023836303
           1463.2170012364          243.212858597617          161.005755131414
          1459.24208338518          243.212268746235           161.65779388268
          1455.26235363748          243.211705474667          162.294771722004
          1451.27905434199          243.211128878117          162.920556990473
           1447.2934845132          243.210601851955          163.537995441954
          1443.30627863943          243.210011711626           164.14952745954
          1439.31742561087          243.209537237959          164.757394668323
          1435.32719628505          243.209100224654          165.363180151292
          1431.33623458473          243.208789076812          165.968414135391
           1427.3445716654          243.208526250329          166.573974626368
          1423.35264282907          243.208307357465          167.180627257774
          1419.36068889267          243.208113037135          167.788837281587
          1415.36883550673          243.207932752231          168.398574970885
          1411.37698505328          243.207772602234          169.009601583179
          1407.38503629889          243.207627069369           169.62160381953
          1403.39284170321          243.207516453081          170.233997510897
          1399.40019324141          243.207447199599          170.845871918778
          1395.40693029351          243.207422887772          171.456293054712
           1391.4129593118           243.20744171887          172.064364957158
          1387.41811910936          243.207497003677          172.669130177123
          1383.42229088755          243.207585731407          173.269512235282
          1379.42524725221           243.20770472739          173.864464925098
          1375.42700228327          243.207851761674          174.453105632407
          1371.42747388699          243.208023593762          175.034693223865
          1367.42656956182          243.208216786614          175.608479542608
          1363.42427317822            243.2084287753          176.173739429966
          1359.42051639075          243.208656907791          176.729975018824
          1355.41526025703          243.208899754216          177.276895043118
          1351.40861557009          243.209155731098          177.814331305725
          1347.40066913924          243.209422294807          178.342195777044
          1343.39128050652          243.209695682342          178.860456156237
          1339.38060977849          243.209976136676           179.36929604399
          1335.36884163664          243.210265256544          179.868992351429
          1331.35582931986          243.210548596103          180.359831461953
          1327.34182019709          243.210816210032          180.842110035228
          1323.32681159862          243.211068578716          181.316135700206
            1319.310796396          243.211307632959          181.782250649398
          1315.29393061424          243.211537192872          182.240776040061
          1311.27623041009          243.211758163174           182.69199686632
          1307.25764319727          243.211969004271          183.136113197177
          1303.23825493781          243.212166265262          183.573217329504
          1299.21805453077          243.212335152059          184.003393538828
          1295.19718082113          243.212461692884          184.426581114402
          1291.17554392398          243.212537728118          184.842695703623
          1287.15318694784          243.212568988802          185.251653305122
          1283.13007066826          243.212557104367          185.653169157352
          1279.10616453401          243.212501047572          186.046958567912
          1275.08152687006          243.212395886618          186.432785557364
          1271.05621738152          243.212233447935          186.810408025346
          1267.03015525468          243.211975694561          187.179546018634
          1263.00332919841          243.211679678338          187.539694419724
          1258.97562884875          243.211407280103          187.890335108917
          1254.94714868983          243.211148863617          188.231168567663
          1250.91784244172          243.210888449758            188.5618927173
          1246.88780566498           243.21061101529          188.882203999288
          1242.85699808433          243.210297753506          189.191516508464
          1238.82537045563          243.209923738575          189.489068870405
          1234.79312187556          243.209453467073           189.77429040114
          1230.76018672944          243.208825063994          190.046656816785
          1226.72662154562          243.207960974607          190.305582999663
          1222.69225469981          243.207365185123          190.551063991475
          1218.65608793278          243.208234621776          190.784348347525
          1214.61922088687          243.209149830158          191.003017774353
           1210.5816149756          243.209908788688          191.206212414002
          1206.54324420837          243.210551135759          191.393011740565
          1202.50415337819          243.211110088692          191.562795835599
          1198.46423678048          243.211606448596          191.715346149421
          1194.42362182824          243.212056303549          191.850160924996
          1190.38231838659          243.212468104041          191.966412898594
          1186.34037798175          243.212846598358          192.063519359384
           1182.2980426242          243.213180551925          192.141420090197
          1178.25540662796          243.213413840897           192.19959588849
          1174.21264074638          243.213561693598          192.237253847653
          1170.16981447372          243.213663127657          192.253687160284
           1166.1270305723          243.213743171731          192.248455591031
          1162.08435740456           243.21382222544          192.220838399237
          1158.04200259274          243.213913032034          192.169517498239
          1154.00008509909          243.214011959627          192.092806657696
          1149.95876100277          243.214118710752          191.988907400339
          1145.91835351429          243.214235300496          191.855829761268
          1141.87913930738          243.214355802676          191.690696196963
          1137.84147080951          243.214464324179          191.490131478071
          1133.80602438201          243.214566976648           191.25043811176
          1129.77330010299          243.214662650377          190.967305189143
          1125.74418100961          243.214727939581          190.635227271884
          1121.71987474236          243.214782139319          190.247914259757
          1117.70187680136          243.214805641844           189.79796011662
          1113.69240256123          243.214809694774          189.275409208828
           1109.6943868364          243.214796500104          188.667419261797
           1105.7123931984          243.214774104738          187.956459149414
          1101.75369398995           243.21479215025          187.116047196547
          1097.83221095649           243.21486467863          186.105522631189
          1093.97797718695          243.214976732033          184.855365821845
          1090.26446364649          243.215047532944          183.234870098421
          1086.92641034806          243.215085634053          180.954486228886
           1085.0663388848          243.215103903611          177.464512463904
          1086.79302701277          243.057849107036          173.999466378234
           1090.1001341133          243.056424028312          171.662106134656
          1093.70596861181          243.054932826353          169.796192147735
           1097.4255583064           243.05444526016          168.165452032189
          1101.20447396671           243.05459231376          166.678605839541
          1105.02294561151           243.05463650074          165.290242668942
           1108.8690080159          243.054797583341          163.978263772301
          1112.73756824338          243.054781595669           162.73120563784
          1116.62362418875          243.054746379359          161.542008621942
          1120.52405587854          243.054714652719          160.405147874483
          1124.43623349972          243.054761424152          159.316455075569
          1128.35892939807          243.054875121234          158.272687367267
           1132.2914176611          243.054980049008          157.270812623968
          1136.23274661973          243.055103990354          156.308318129138
          1140.18202735824          243.055233727857           155.38327073906
          1144.13862295009          243.055359046304          154.494133885897
          1148.10206903026          243.055489071407          153.639528628162
          1152.07181395344          243.055622553149          152.818277283038
           1156.0476942751          243.055756852356          152.029931332359
          1160.02927625276          243.055888486699          151.274215771588
          1164.01659224633          243.056014986194          150.550798520519
          1168.00922256052           243.05613833439          149.859487364459
           1172.0072371274          243.056253774149          149.200698974928
          1176.01042082227          243.056357542875          148.575076510277
           1180.0185603444          243.056449658814          147.982681680435
          1184.03140121999          243.056535094685          147.423343442118
          1188.04868012086          243.056619668364          146.897347318798
          1192.07019374954          243.056702119467          146.405456016868
            1196.095678348          243.056780124518          145.947602036804
           1200.1249359675          243.056852260093          145.523071856099
          1204.15754104953          243.056917987254          145.130933321131
          1208.19326370847           243.05697735889          144.771229227557
          1212.23195479054             243.057029795          144.444555548667
          1216.27321597756          243.057074507337          144.149624970442
          1220.31679721834          243.057111449429          143.884709199142
          1224.36238190475          243.057140538456          143.648793357245
          1228.40977614463          243.057162795597           143.44322165363
          1232.45867501679          243.057178847577           143.26528490932
          1236.50884473365          243.057185605005          143.114087754348
          1240.56021836903          243.057186334536          142.990176307042
          1244.61245274455          243.057183371951           142.89325383931
          1248.66532878865          243.057178742593          142.821443405018
          1252.71862902179          243.057175366813          142.773671692706
          1256.77214985702           243.05717579226          142.750019068268
          1260.82580721877          243.057180502891          142.750220609059
          1264.87929272434          243.057191662605          142.773753999503
          1268.93260674546          243.057207593173          142.819487877784
          1272.98558892859          243.057225264678          142.886698271897
          1277.03823563317          243.057243049616          142.975140476656
          1281.09035474057          243.057261508459          143.084382991815
          1285.14184937757          243.057279134044          143.213990521908
          1289.19265851666          243.057294317183          143.363187938338
          1293.24272820345           243.05730726433          143.531115586153
          1297.29213536698          243.057318377876           143.71740575899
          1301.34057166771           243.05732869554           143.92166796331
          1305.38796733301           243.05733864336          144.143688314837
          1309.43445043548          243.057349503077          144.382887134879
          1313.47986731721          243.057356543169          144.638479843202
           1317.5241735619          243.057359204438           144.91002321625
          1321.56736367033          243.057360127895           145.19716884073
           1325.6093403864          243.057363561449          145.499502706708
           1329.6500445815          243.057373148736          145.816508460708
           1333.6895368049          243.057390907344          146.147434420044
          1337.72780584363          243.057411632942          146.491719998303
          1341.76483596973          243.057426333422          146.848819688585
          1345.80069443192          243.057436811222          147.218081561742
          1349.83530024558           243.05744478783          147.598727389675
          1353.86875314444             243.057454495          147.989756284767
          1357.90119795042          243.057468075446          148.390242609894
          1361.93258468812          243.057497220875          148.799393580446
          1365.96295067956          243.057517665099          149.215942820677
          1369.99246022451          243.057542589764          149.638910506231
          1374.02122473784          243.057573411221          150.067053568873
          1378.04930526028           243.05761106233          150.499210503972
           1382.0768164513          243.057656249007          150.934297660003
          1386.10394493746          243.057709017944          151.371217931106
          1390.13078391417          243.057770174619          151.808739289223
          1394.15752001588          243.057840684957          152.245561303857
           1398.1841765743          243.057920621236           152.68059417079
          1402.21093838112          243.058014159069          153.112763259715
          1406.23795221625          243.058120858346          153.540860490484
          1410.26541139795          243.058231816217          153.963364404284
          1414.29345151352          243.058335146644          154.378865271664
          1418.32244268348          243.058416308123          154.785951996076
          1422.35254111192          243.058506904948          155.182901511115
          1426.38396387313          243.058583263127          155.567199161867
          1430.41705744901          243.058593903243          155.936384468627
          1434.45179160762          243.058544757708          156.287860046635
          1438.48861016648          243.058403898817          156.617903547135
          1442.52758803314          243.058248083191          156.921641073668
          1446.56883058509          243.058149656848          157.194890141178
          1450.61304321989          243.058022114805          157.432217322022
          1454.66021525943          243.057940911307          157.626315444399
          1458.70988912349          243.057895170681          157.771954985486
          1462.76088050726          243.057911763362          157.860391508299
          1466.81179050703          243.057964469774          157.883583144006
          1470.85976130175           243.05804717068          157.832142324533
          1474.89996667864          243.058135115525          157.694431203494
          1478.92033119801          243.058195488889          157.459065536966