 1500.73028431782           366.38501913222          172.227198505484
          1497.54139415597          366.385098501403          173.166689626401
          1494.31431602081          366.385170437709          173.920056434372
          1491.07271650796            366.3852294251          174.582023375219
           1487.8226308173           366.38528343084          175.181948057451
           1484.5668644457          366.385321609442          175.734288261989
          1481.30705177903            366.3853451156          176.249941648417
           1478.0443862654          366.385355579991          176.737888038587
          1474.77976986218          366.385353609054          177.205731915652
          1471.51381674492          366.385344478223          177.659968181521
          1468.24668562117          366.385332331419          178.105769223019
          1464.97830632856            366.3853162739           178.54678315201
          1461.70934855278          366.385303719068          178.986098449031
          1458.43985228059          366.385290890952          179.425250466407
           1455.1700315533          366.385278798931          179.865219351158
          1451.90016238235          366.385269258663          180.306382418631
          1448.63046038895           366.38526241978          180.748357257256
          1445.36062564476          366.385256949804          181.190455754198
          1442.09067130431          366.385252105415           181.63187355986
          1438.82050995576          366.385247887285          182.071516768357
          1435.54995648916          366.385244053341          182.508113325444
          1432.27891067481          366.385240288396          182.940442567689
          1429.00718609805          366.385236322958          183.367439471089
          1425.73476339686          366.385231996939          183.788123200205
          1422.46159435127          366.385227131924          184.201444811928
          1419.18753384413          366.385221650779          184.606508041383
          1415.91247173172          366.385215539854          185.002637639892
           1412.6364907176           366.38520883717           185.38933509728
           1409.3594774257          366.385201605756          185.766168169119
          1406.08133930456          366.385193846434          186.132706460764
          1402.80219596929          366.385185612064          186.488758497616
          1399.52206115109          366.385176943795          186.834339245463
          1396.24087875705          366.385167812186           187.16953866076
          1392.95873456049          366.385158206114          187.494500898005
          1389.67567911446          366.385148053439          187.809375573924
           1386.3917074545          366.385137151503          188.114472628543
          1383.10699459548          366.385125413903           188.41015109148
          1379.82143980195          366.385113327217          188.696785458483
          1376.53517420916          366.385101622327          188.974717930493
          1373.24819501317          366.385090274349          189.244168828523
          1369.96058764563          366.385079306382          189.505402587194
          1366.67234489577          366.385068545364          189.758651603694
          1363.38350307663          366.385057819272          190.004116974866
          1360.09411648911          366.385046964575          190.241890365642
          1356.80415621496          366.385035793139          190.471905981141
          1353.51363951212          366.385024013789          190.694079992239
          1350.22261145187          366.385012039227          190.908350920116
          1346.93101502011          366.385000979169          191.114654404097
          1343.63891261918          366.384990191849          191.312861626736
           1340.3462682105          366.384979299249          191.502619611716
           1337.0531027387          366.384967772671           191.68361022577
          1333.75949919118          366.384951960769          191.855644819223
          1330.46559032845          366.384922789018          192.018646042554
          1327.17119430421          366.384894548478          192.172590596744
           1323.8761819512          366.384876566008          192.316985461799
          1320.58056529891           366.38486567638          192.451336673798
          1317.28441143446          366.384858658738          192.575518351354
          1313.98772206609          366.384855030092          192.689494436526
          1310.69055116386           366.38485498639          192.793145807292
           1307.3929427637          366.384859447342          192.886155561056
          1304.09488544514          366.384869500987           192.96831776876
          1300.79640462544          366.384884791894          193.039707954951
          1297.49759440103          366.384904230451          193.100202639389
          1294.19845004252           366.38492440223          193.149441279492
          1290.89907819757          366.384939290968          193.187143662056
          1287.59943068221          366.384946953686          193.213426759056
          1284.29944169533          366.384952328663          193.228146440636
          1280.99919316259          366.384958315378          193.231020284417
          1277.69866751378          366.384966348953          193.221754094044
          1274.39778565273          366.384977533712          193.200360916294
          1271.09664861166          366.384993012713          193.166712499613
          1267.79527057753          366.385014627768          193.120416958098
          1264.49368944593          366.385046024047          193.060994250926
          1261.19223467747          366.385060487228          192.988529221957
          1257.89099207102          366.385049735459           192.90306978972
          1254.58998842884          366.385033390648           192.80402750793
          1251.28926738549           366.38501845893          192.690747038119
          1247.98892061378          366.385004743949          192.562688844814
          1244.68906633986          366.384992314702          192.419467531274
          1241.38978986562           366.38498123663          192.260583977816
          1238.09133900371           366.38497174029            192.0852908079
          1234.79389981268          366.384962842447          191.892716104694
          1231.49764008579          366.384954147193          191.681924600815
          1228.20285131009          366.384945866268          191.451884238892
          1224.90985243911          366.384938626087          191.201112785666
          1221.61923611298          366.384933218088          190.927830424125
          1218.33136629155          366.384927755578          190.629952028769
          1215.04689509739          366.384922357019           190.30491985929
          1211.76681869137          366.384918521962          189.949571129676
          1208.49210079088          366.384914175168           189.55981973384
          1205.22432827824          366.384911050169          189.130989922153
          1201.96538898444          366.384907753887          188.656284093574
          1198.71814808251          366.384905423173          188.127003362334
          1195.48655964068          366.384903665357          187.530378977549
          1192.27737331234          366.384902609497          186.846735857684
          1189.10278806809          366.384902626461          186.044087541662
            1185.988791402          366.384903851657          185.066671441651
          1182.99849529081          366.384906472027          183.808073700883
          1180.32988673291          366.384909476227          182.035795743576
          1178.89452571992          366.384907274599          179.325322980886
          1180.38332537301          366.253528384088          176.897978379164
          1183.13822394319          366.253299513336          175.368881015393
          1186.12669494557          366.253100470644          174.207129135214
          1189.20340232895          366.253022572702          173.219073384877
          1192.32543172254          366.252995482092          172.330300879314
          1195.47736573968          366.252985272238          171.505782443704
          1198.65003073132          366.252988912294          170.728599018795
          1201.83899310934          366.253012847171           169.98914138043
          1205.04046654009          366.253067391811          169.281750611448
           1208.2519962284          366.253166932661          168.602839905017
          1211.47172255275          366.253220193988          167.950883607625
          1214.69858658334          366.253240910264          167.324071206146
          1217.93232006158          366.253262803373          166.720685153119
          1221.17209454283          366.253279211715          166.139746178605
          1224.41738677393          366.253294496553          165.580589830785
          1227.66767838376          366.253310108696          165.042678780064
          1230.92256062115          366.253323856829          164.525525513556
           1234.1817118851          366.253334989565          164.028703664632
          1237.44492142304          366.253343496855          163.552148085929
          1240.71208299345          366.253350380838          163.095750359271
          1243.98294880992          366.253355838381          162.659362215726
          1247.25736751143          366.253359606228          162.242827533382
          1250.53527296693          366.253361731212          161.846324669116
           1253.8165190998          366.253362359877          161.470098307969
          1257.10100778591          366.253361737294          161.114048556576
          1260.38842958604          366.253360161884          160.778006410816
          1263.67847505543          366.253357842421          160.462030439792
          1266.97112696141          366.253355008979          160.166389635827
          1270.26615105177          366.253351781333          159.890970690732
          1273.56324050883           366.25334831768           159.63542056093
          1276.86221904524          366.253344707993          159.399326629992
          1280.16287766307          366.253340951161          159.182686545555
          1283.46503099913          366.253337054999          158.985793138902
          1286.76847271212          366.253333030546          158.808186311279
          1290.07303171567          366.253328788761           158.64924701498
           1293.3783859097          366.253324366428          158.508433617318
          1296.68445132742          366.253319587291          158.386269113306
          1299.99114171891          366.253314800816          158.282789369378
          1303.29808766407          366.253310385453          158.197047624032
           1306.6053041878          366.253305825017          158.128780360192
          1309.91257356447          366.253301270351          158.078717235156
          1313.21972710762          366.253296817816          158.046416264064
          1316.52667535354          366.253292411683          158.031258430118
          1319.83323420174          366.253287918885          158.033471595751
           1323.1392395568          366.253283320431          158.053438801558
          1326.44467808762          366.253278634949          158.091335233815
          1329.74934056629          366.253274153808          158.146675114669
          1333.05338690168          366.253270295206          158.219126470592
          1336.35660060649          366.253266896796          158.308911574197
          1339.65891007496          366.253263845259          158.416317503566
          1342.96029282346          366.253261070477          158.541458933219
          1346.26076212825          366.253258530128            158.6840893837
          1349.56030796671          366.253256196704          158.843809767543
          1352.85876796811          366.253254013247          159.020719384105
          1356.15627912187          366.253252244133          159.214885189638
           1359.4526689574          366.253250969831          159.426256471249
          1362.74782745741           366.25325013938          159.654636794355
          1366.04190678642          366.253249685834          159.899562330041
          1369.33480466371           366.25324956516          160.160769779029
          1372.62644388445          366.253249800325          160.438116524115
          1375.91690489854           366.25325048663          160.731334296921
          1379.20613297531          366.253251746553          161.039987898611
          1382.49412363106          366.253253680043          161.363306061808
          1385.78087878928          366.253256330409          161.700718576831
          1389.06644205678          366.253259561758          162.051648816295
          1392.35071772205          366.253263329797          162.415390001383
          1395.63392492948          366.253267729375          162.791110473545
          1398.91598982847          366.253272726334          163.177684644809
          1402.19695391422          366.253278418292          163.574033878305
          1405.47698881407          366.253284862595           163.97922636268
          1408.75608617751          366.253292086127          164.392033144714
          1412.03433242993           366.25330015393          164.811241898464
          1415.31188026779          366.253309141882          165.235467541527
          1418.58875875702          366.253319098071          165.663438969884
          1421.86517839128          366.253330103327          166.093977549405
          1425.14120298046          366.253342251836          166.525900995601
           1428.4169973453           366.25335569995          166.957963797616
          1431.69271203107          366.253370708067          167.388951622467
             1434.96840479          366.253387491002          167.817868417572
          1438.24422408705          366.253406395432           168.24382907844
           1441.5203386649          366.253427745812          168.665887588571
          1444.79697769326          366.253451598656          169.082899695986
          1448.07423456086          366.253477373176          169.493754233817
          1451.35235489252          366.253504047695          169.897251157494
          1454.63154495065          366.253537521509          170.291893913797
          1457.91212671786          366.253579464341          170.675104022448
          1461.19410919342          366.253625783433          171.043900135919
          1464.47764628497          366.253667366848          171.394823132044
          1467.76308989528          366.253721883134           171.72308502496
          1471.05060358863          366.253777121885          172.021750467237
          1474.34032084677          366.253824110251          172.284314633553
          1477.63291500757          366.253869501132          172.502623452606
          1480.92857410593          366.253898420977          172.665047653278
          1484.22677013182           366.25390517807          172.762962715599
          1487.52675951524          366.253886353098          172.782601865334
          1490.82730152038          366.253837113527          172.711452340002
          1494.12613467199          366.253767322786          172.531663932782
          1497.41910765462          366.253673560564          172.215368401177
          1500.69527612782          366.253559079272          171.696527879461