         1888.1202                 1156.7531                 271.12534
          1887.07776255117                 1156.7531          271.142241328914
          1886.01165906042                 1156.7531          271.151298011578
          1884.93545871268                 1156.7531          271.158527074098
          1883.85312094417                 1156.7531          271.165423105921
          1882.76653974225                 1156.7531          271.172503779458
          1881.67688503347                 1156.7531          271.180076952597
          1880.58494662199                 1156.7531          271.188356139784
          1879.49151082149                 1156.7531          271.197583408551
          1878.39697732239                 1156.7531          271.207936900361
          1877.30162547124                 1156.7531          271.219520354515
          1876.20572739031                 1156.7531          271.232403758431
           1875.1095238496                 1156.7531          271.246526536664
          1874.01308352346                 1156.7531          271.261755282346
          1872.91642715404                 1156.7531          271.277936675287
          1871.81968435389                 1156.7531          271.294839733728
          1870.72276255056                 1156.7531          271.312184681946
          1869.62563608088                 1156.7531          271.329666611771
          1868.52838445212                 1156.7531          271.347048458124
           1867.4309317479                 1156.7531          271.364106300579
          1866.33317953594                 1156.7531           271.38056890602
          1865.23520009469                 1156.7531          271.396229177452
          1864.13693841667                 1156.7531          271.410961426779
          1863.03834496974                 1156.7531          271.424641778324
          1861.93942421056                 1156.7531          271.437161628806
          1860.84011809232                 1156.7531          271.448439355686
          1859.74047607076                 1156.7531          271.458418918843
          1858.64052909996                 1156.7531           271.46707209612
          1857.54020188662                 1156.7531          271.474363741661
          1856.43957866616                 1156.7531           271.48023790619
          1855.33867262459                 1156.7531          271.484663203476
          1854.23746298928                 1156.7531          271.487582567015
          1853.13600526439                 1156.7531           271.48893621047
          1852.03429249577                 1156.7531          271.488659161264
          1850.93232686197                 1156.7531          271.486646913845
          1849.83025462771                 1156.7531          271.482767970887
          1848.72806529219                 1156.7531          271.476929480991
          1847.62582371703                 1156.7531          271.468996807188
          1846.52341927067                 1156.7531          271.458844144526
          1845.42100471829                 1156.7531          271.446287545622
          1844.31862842488                 1156.7531          271.431167929504
          1843.21625464037                 1156.7531           271.41336065113
          1842.11388717528                 1156.7531          271.392750253518
           1841.0115699033                 1156.7531          271.369206467776
          1839.90938388879                 1156.7531          271.342566437667
          1838.80731451071                 1156.7531          271.312714744208
          1837.70535477976                 1156.7531          271.279552206221
          1836.60355538317                 1156.7531           271.24306018596
          1835.50189688351                 1156.7531          271.203224663865
          1834.40035716844                 1156.7531          271.159941078763
           1833.2990015605                 1156.7531          271.113135220854
          1832.19790130368                 1156.7531          271.062843480836
          1831.09699596587                 1156.7531           271.00910490785
          1829.99626495736                 1156.7531          270.951995593212
          1828.89571786714                 1156.7531          270.891470261404
          1827.79538864821                 1156.7531          270.827548324283
          1826.69532000271                 1156.7531          270.760310252986
           1825.5955034727                 1156.7531          270.689835888746
          1824.49590066232                 1156.7531           270.61615074897
          1823.39652687812                 1156.7531          270.539279413336
          1822.29745172591                 1156.7531          270.459313730321
          1821.19866613085                 1156.7531          270.376342279923
          1820.10005027772                 1156.7531          270.290371772617
          1819.00174220752                 1156.7531          270.201426216386
          1817.90373313753                 1156.7531          270.109551737572
          1816.80607056294                 1156.7531          270.014863768828
          1815.70861234172                 1156.7531          269.917386661924
          1814.61147922789                 1156.7531          269.817113725037
          1813.51473990848                 1156.7531          269.714059195661
          1812.41826302443                 1156.7531          269.608268345189
          1811.32210118174                 1156.7531          269.499783264478
          1810.22634352858                 1156.7531          269.388599106993
           1809.1309739452                 1156.7531          269.274674592977
          1808.03601139026                 1156.7531          269.157990893438
          1806.94139653736                 1156.7531          269.038543249043
          1805.84720254288                 1156.7531          268.916277946685
           1804.7534604753                 1156.7531           268.79111611315
          1803.66021105319                 1156.7531          268.662963421945
          1802.56748025621                 1156.7531          268.531720711661
          1801.47529404111                 1156.7531          268.397254886655
          1800.38367814239                 1156.7531          268.259426144081
          1799.29269947799                 1156.7531          268.118047073735
          1798.20251147813                 1156.7531          267.972898079632
          1797.11307432044                 1156.7531           267.82378287882
          1796.02449211215                 1156.7531          267.670416126005
          1794.93691872114                 1156.7531          267.512486602487
          1793.85044849659                 1156.7531          267.349641951081
          1792.76521099726                 1156.7531          267.181464471392
          1791.68142228419                 1156.7531          267.007381641916
          1790.59944432534                 1156.7531          266.826728432556
          1789.51955853997                 1156.7531          266.638626835264
          1788.44225885682                 1156.7531          266.441928783514
          1787.36837182523                 1156.7531          266.234991673855
          1786.29888621047                 1156.7531          266.015554620065
          1785.23587427503                 1156.7531          265.780294316103
          1784.18259497838                 1156.7531          265.523878228344
          1783.14612965546                 1156.7531          265.236983347158
          1782.14369512172                 1156.7531           264.90047120099
          1781.23208728257                 1156.7531            264.4668715034
                 1780.7371                 1156.7531                 263.82647
           1781.4048701581                 1156.7531          262.956807130426
          1782.42083433304                 1156.7531           262.48448710132
          1783.48836309162                 1156.7531          262.162234228668
          1784.57197521378                 1156.7531          261.913494728331
          1785.66255538332                 1156.7531           261.70779882546
          1786.75667921416                 1156.7531          261.529903825222
           1787.8530040142                 1156.7531          261.371300616197
           1788.9507480019                 1156.7531          261.226911938731
          1790.04957177463                 1156.7531          261.093632083623
          1791.14913917291                 1156.7531          260.969537494056
          1792.24941224887                 1156.7531          260.853417954816
           1793.3501224867                 1156.7531          260.744570172738
           1794.4512431825                 1156.7531           260.64253362226
          1795.55266452261                 1156.7531           260.54703364829
          1796.65437445908                 1156.7531           260.45796334179
          1797.75627561212                 1156.7531          260.375252500862
          1798.85835114601                 1156.7531          260.298843259494
          1799.96050463578                 1156.7531          260.228725713886
          1801.06267441826                 1156.7531          260.164950825777
          1802.16489050648                 1156.7531          260.107531493711
          1803.26707067648                 1156.7531          260.056439991218
             1804.36921914                 1156.7531            260.0117028669
          1805.47126517004                 1156.7531          259.973407594653
           1806.5732319497                 1156.7531          259.941593744905
          1807.67504941135                 1156.7531          259.916277408948
           1808.7767806365                 1156.7531          259.897433382596
          1809.87828770093                 1156.7531          259.885173227668
          1810.97949980697                 1156.7531          259.879627965529
          1812.08047434386                 1156.7531           259.88081978085
          1813.18125891815                 1156.7531          259.888710920999
          1814.28171197453                 1156.7531          259.903275280609
          1815.38184320363                 1156.7531          259.924702467853
           1816.4816697676                 1156.7531          259.953120485286
          1817.58108735422                 1156.7531          259.988474558741
          1818.68013164205                 1156.7531          260.030597005942
          1819.77880112438                 1156.7531          260.079454468467
          1820.87694105378                 1156.7531          260.135335243981
          1821.97474418809                 1156.7531          260.198235999693
          1823.07203123327                 1156.7531           260.26773096164
           1824.1688656009                 1156.7531          260.343836879447
           1825.2651841063                 1156.7531          260.426915469265
           1826.3610219237                 1156.7531          260.516530743036
          1827.45636156241                 1156.7531          260.612488655594
          1828.55113399565                 1156.7531          260.714848830395
          1829.64529858692                 1156.7531          260.823677943184
          1830.73885492343                 1156.7531           260.93886038232
          1831.83180496111                 1156.7531          261.060072814863
          1832.92420329484                 1156.7531          261.187132595517
          1834.01598898012                 1156.7531          261.320023589953
          1835.10711630483                 1156.7531          261.458701882015
          1836.19760664449                 1156.7531          261.603049681359
           1837.2873775214                 1156.7531          261.752811944761
          1838.37646694476                 1156.7531          261.907774175419
          1839.46495217556                 1156.7531          262.067843786966
          1840.55264762816                 1156.7531            262.2329247253
          1841.63966222079                 1156.7531          262.402897042453
          1842.72585881377                 1156.7531          262.577527074474
          1843.81142156537                 1156.7531          262.756589612274
          1844.89622203205                 1156.7531          262.939948198094
          1845.98023928809                 1156.7531          263.127463850795
          1847.06355050679                 1156.7531           263.31896573702
          1848.14615771611                 1156.7531          263.514258388572
          1849.22804581686                 1156.7531          263.713123683258
          1850.30923591135                 1156.7531          263.915346873053
          1851.38968040006                 1156.7531          264.120752917118
          1852.46950547643                 1156.7531          264.329173699788
          1853.54868270249                 1156.7531          264.540381338088
          1854.62724921368                 1156.7531           264.75410289917
          1855.70531330994                 1156.7531          264.970123502603
          1856.78296634507                 1156.7531          265.188200490982
          1857.86019347909                 1156.7531          265.408074804139
          1858.93700304459                 1156.7531          265.629481024844
          1860.01357753804                 1156.7531          265.852096533109
          1861.09002795007                 1156.7531          266.075566870685
          1862.16637345719                 1156.7531          266.299559363842
          1863.24273852026                 1156.7531          266.523734230383
           1864.3192263658                 1156.7531          266.747659259869
          1865.39597824015                 1156.7531          266.970838391009
           1866.4730944193                 1156.7531          267.192826260582
          1867.55065613516                 1156.7531          267.413149356037
          1868.62870230663                 1156.7531          267.631262616565
          1869.70752363933                 1156.7531           267.84657279438
          1870.78718953996                 1156.7531          268.058524574742
          1871.86778096719                 1156.7531          268.266628105702
           1872.9493325816                 1156.7531           268.47035176124
           1874.0321138257                 1156.7531          268.669039572902
          1875.11612000114                 1156.7531          268.862243320707
           1876.2014503272                 1156.7531          269.049620135175
           1877.2881997148                 1156.7531          269.230700964605
          1878.37637399986                 1156.7531          269.405066141063
          1879.46581088268                 1156.7531          269.572579789528
          1880.55644336009                 1156.7531          269.732921519787
          1881.64793676358                 1156.7531          269.885682596694
          1882.73984477172                 1156.7531          270.030682876714
          1883.83140451177                 1156.7531          270.167237792791
          1884.92160769325                 1156.7531          270.294565579391
          1886.00885365803                 1156.7531          270.411411333331
          1887.08977609175                 1156.7531          270.516011994775
                 1888.1542                 1156.7531                 270.60623