1468.19686277054          181.559283956894          150.663984101383
          1463.95506873136          181.557937872211          151.691349045364
          1459.65949948385          181.557565316733          152.575513963275
          1455.34387796189          181.558199106457          153.399003025989
          1451.01670109623          181.559558062149          154.186933840763
          1446.68206083826          181.561633670083          154.949514115794
           1442.3421135238          181.564182442316           155.69311090024
          1437.99821642034          181.567244772195          156.422185557344
          1433.65209872084          181.570661432564          157.139211849645
           1429.3040342811          181.574442717821           157.84717165859
          1424.95413492659          181.577631318878          158.547659125536
          1420.60250343383          181.580472627847          159.242706570418
          1416.24988020096          181.582480734622           159.93350757805
          1411.89638462184          181.584130977629          160.621374045201
          1407.54233568124          181.585480217044           161.30723611833
          1403.18830251184          181.586678107625          161.991909356265
          1398.83448274856           181.58784704661          162.675890021533
          1394.48071970817          181.588955234517          163.359356249378
          1390.12684091599          181.589963635629          164.042315070763
          1385.77270000053          181.590803869847          164.724598712202
          1381.41822725154          181.591452769939          165.405770019685
          1377.06305656601          181.591890119598          166.085216126798
          1372.70720394155          181.592120552091          166.762292942493
          1368.35044639914          181.592179522585          167.436297132498
          1363.99261441411          181.592074808424          168.106309853057
          1359.63360277586          181.591817400945          168.771449251718
          1355.27325179175          181.591415866748          169.430941913974
           1350.9114730152          181.590881432716          170.084092468607
           1346.5481735209          181.590227736322          170.730230981682
          1342.18333830928          181.589470647241          171.368735039542
          1337.81690821274          181.588622805972          171.999138133802
          1333.44883073371          181.587693154532          172.621177928075
          1329.07920150262          181.586689777209          173.234740153289
          1324.70809556815          181.585624611682          173.839751956879
          1320.33549740819          181.584517709963          174.436215254108
          1315.96144060754          181.583376363696          175.024323191262
          1311.58611747115          181.582199371445           175.60431712202
          1307.20950592943          181.581044271228           176.17657146934
          1302.83173694435          181.579944432799          176.741499370017
           1298.4528278439          181.578897793281          177.299420934311
            1294.072798161           181.57789773295          177.850657528235
          1289.69171708368          181.576933022874          178.395480575348
          1285.30965577546          181.576001943673          178.934121907075
          1280.92667774144          181.575111178128          179.466760459444
          1276.54283712269          181.574271975287          179.993499697706
          1272.15810314207          181.573531862039          180.514421870167
          1267.77236475359          181.572926222088          181.029651903654
          1263.38577455313          181.572464051998          181.539265002252
          1258.99815676892           181.57211719581          182.043139765517
           1254.6096151447           181.57187269785          182.541032373855
          1250.22017576671          181.571726792302          183.032702709747
           1245.8297738266          181.571685473619          183.517947823379
          1241.43844107877          181.571754944671          183.996561887163
          1237.04628184643          181.571941290712          184.468328834105
          1232.65314236697          181.572174202038          184.932862925167
          1228.25912570845          181.572312643375           185.38960050092
          1223.86428005802          181.572360825133           185.83819425755
          1219.46861851372          181.572344009376          186.278361287218
           1215.0721421093          181.572284599082          186.709818223719
          1210.67483006128          181.572202248912          187.132075360111
          1206.27666976575          181.572107703951          187.544507772313
          1201.87771668996          181.571994841004          187.946586854985
          1197.47803451633          181.571856680392          188.337823314781
          1193.07753140685          181.571689876401          188.717744614728
          1188.67639238832          181.571460294844          189.085524306878
          1184.27468599748          181.571024466575          189.439822773525
          1179.87211118713          181.570542922443          189.780295425533
          1175.46862885967          181.570049223748          190.106500745817
          1171.06433460026          181.569531100797          190.417743366365
          1166.65906192622          181.568988827067          190.712972530966
          1162.25282512876          181.568440649165          190.991447183495
          1157.84573802488          181.567901587969          191.252668236336
           1153.4377249409          181.567385103963          191.495850366476
          1149.02881845061          181.566906986567          191.719927898578
          1144.61904112417           181.56647619225          191.924379194808
          1140.20835493147          181.566081999669           192.10856536357
          1135.79670678558          181.565694154901          192.271109192381
          1131.38417600355          181.565274203087          192.410326386641
          1126.97097407325          181.564792626027          192.524864614825
          1122.55725638226          181.564236591238          192.613085963475
          1118.14330670197          181.563618262722          192.672436891979
          1113.72922454417          181.562978800968          192.700137556133
          1109.31519525058          181.562333185206          192.693345789662
          1104.90144700957          181.561690932494          192.649045557707
          1100.48844291018           181.56108669636          192.562933323171
            1096.076783732          181.560580820254          192.430140126045
          1091.66651454154          181.560150961592          192.246206776966
          1087.25843703379          181.559794033949          192.005702192993
           1082.8534581624            181.5595761098          191.701635242164
          1078.45264177881          181.559455814425          191.326430564009
          1074.05758840541          181.559462361256           190.87160719147
           1069.6705160858          181.559587426785          190.325219763698
          1065.29427426745          181.559785467982          189.672485564939
          1060.93346233665          181.559964381252          188.893151784505
           1056.5955639094          181.559940042829          187.956699830782
          1052.29520004027          181.559594285696          186.816701006913
            1048.064063425          181.559027582222          185.393945791198
          1043.98151793762          181.558779009903          183.539468071235
          1040.30033067042          181.559034711336           180.92252675029
          1038.21559272483          181.559608872425          176.913814547541
          1040.14748635973           181.55682714658          172.613451947996
          1043.69869230009          181.557352237583          169.651317910448
          1047.58974928169          181.558802566569          167.260868412101
          1051.61332926976          181.560421306001          165.162030955668
          1055.70660706336          181.561537923335          163.248612583818
          1059.84642632428          181.562833333135          161.470169057617
          1064.01932867577          181.564015858767          159.800235632452
          1068.21868375775          181.565293091336          158.221755218962
          1072.43871966766          181.566345817121          156.724086688072
          1076.67556232037           181.56699252869          155.298695827614
          1080.92618412664          181.567078206515          153.938688378948
          1085.18910359424          181.566700993043          152.638487414432
          1089.46376176898           181.56626896673          151.392961197957
          1093.74903358975          181.565736857146          150.197760561277
           1098.0437700623          181.565137056889          149.049521219253
          1102.34731180838          181.564522749617          147.945543457712
          1106.65908628536           181.56387470719            146.8834966978
          1110.97841945029          181.563204904266          145.861591890702
          1115.30513690336          181.562526687742          144.879038166952
          1119.63873192702          181.561861928539          143.935458559613
          1123.97926614357          181.561228611133          143.030540789448
           1128.3263994971           181.56061682282          142.164199068349
          1132.67996296404           181.56005118657          141.337140846639
          1137.04001550385          181.559550257601          140.550476564554
          1141.40619255533          181.559112309308          139.804588633064
          1145.77828124746          181.558708787695          139.099534140073
          1150.15591636588          181.558307226818           138.43597415591
          1154.53900685906          181.557911522001          137.815218281658
          1158.92728970749           181.55753309212           137.23749150782
          1163.32040391577          181.557179209262           136.70214363278
          1167.71802833151          181.556853659412           136.20808130438
          1172.11984062747          181.556556952998          135.755553090745
           1176.5257935035          181.556293282043          135.345852273688
          1180.93544659919          181.556069871669          134.977378811884
           1185.3483540468          181.555890894905          134.647519895127
          1189.76426934578          181.555755409156           134.35524136036
          1194.18305208431          181.555662220539          134.102749837624
          1198.60405500585          181.555615602356          133.884860264956
          1203.02726077623          181.555620159388          133.701829173716
          1207.45240377722          181.555665688963          133.554026162398
          1211.87915593334          181.555740843702            133.4404377747
          1216.30718691637          181.555833647843          133.358359055824
          1220.73623617318           181.55592685468          133.306228911091
          1225.16606084623           181.55600681777          133.283827707972
          1229.59642195849          181.556072012738           133.29038820097
          1234.02718779483           181.55611548571          133.324862018821
          1238.45806367381          181.556144690653          133.385549707897
          1242.88893935658          181.556160371496          133.471223267907
          1247.31969344691          181.556168593665          133.581165907677
          1251.75020504232          181.556172872538          133.714591753549
          1256.18034782531          181.556193077669           133.87055569853
          1260.61002965807           181.55624475603          134.047761430115
          1265.03917378493          181.556329142894           134.24486679754
           1269.4676547149          181.556443823035          134.461103129888
          1273.89536045817          181.556568478853          134.695819781164
          1278.32215472834          181.556709006034          134.948500714451
          1282.74795877966          181.556870392394          135.218221344004
          1287.17263379085          181.557054431809          135.504050085073
          1291.59623517927          181.557258940978          135.805318973944
          1296.01873750303            181.5574775311          136.121482759874
          1300.43995289827          181.557700343471           136.45199358466
          1304.85986992947          181.557917292807          136.796278723853
          1309.27863135699          181.558120111198          137.153618065697
          1313.69603117683          181.558316157873          137.523619559226
          1318.11215689697          181.558525354342          137.905988949127
          1322.52700711967          181.558745129422          138.300220867029
          1326.94066896742          181.558972435819           138.70575853157
          1331.35313886641          181.559198218557          139.121879499824
          1335.76454225271           181.55941297259          139.547945687123
          1340.17490733337           181.55961007179          139.983326745039
          1344.58437101703          181.559790308947          140.427395610787
          1348.99304992247          181.559950082952           140.87934150708
          1353.40100376593          181.560087839574          141.338222758835
          1357.80850003988           181.56020189424          141.803134175177
          1362.21558878351          181.560293209464           142.27321501437
          1366.62240650496          181.560366492454          142.747509016486
          1371.02909984286          181.560421742194          143.224854850705
          1375.43583862379          181.560458310971          143.703970250706
          1379.84273861576          181.560475336212          144.183706781235
          1384.24995487964          181.560468059169          144.662866320256
          1388.65761187835          181.560441687714           145.14006578359
          1393.06577315222          181.560409383443           145.61367216578
          1397.47467706353           181.56039216125          146.082141262702
          1401.88445982089          181.560418933138          146.543924547967
          1406.29537880458          181.560424693421          146.996676796748
           1410.7076246078          181.560408531722          147.437914974673
          1415.12112345497          181.560421504488           147.86539454686
          1419.53582019118          181.560418883587          148.276234582276
          1423.95216573977          181.560471532646          148.666686578757
          1428.37020263018          181.560393284862          149.031082653591
          1432.79041906351          181.560009641285          149.364458436333
          1437.21334953622          181.559656937795          149.661584994522
          1441.63928342815          181.559239425087          149.914682905485
           1446.0674588733          181.558692783585          150.117454725879
          1450.49681962553          181.558136438501          150.262272223517
          1454.92554712827           181.55763235396          150.341894781422
          1459.35094662661          181.557248381297          150.348991320891
          1463.76792484873          181.557081554515          150.279639122836
          1468.16451079437          181.557256599605          150.146294164524