1587.18725764117          574.289108285045          191.224602121135
          1584.76405545514          574.289108325557          192.072227024477
          1582.28668646476          574.289107859759          192.731349170957
          1579.78697014755          574.289107147816          193.291021800474
          1577.27376652625          574.289106161471          193.780635406215
          1574.75132064591          574.289105004318          194.215720647731
          1572.22225048156          574.289103666757          194.607929710889
           1569.6886731332          574.289102198917          194.967295177341
           1567.1518121895          574.289100939057          195.302297207186
          1564.61269668873          574.289099324405          195.620378141308
          1562.07213274843          574.289098079451          195.927540754127
          1559.53060216093          574.289096498432          196.228212694334
          1556.98850472359          574.289095081506          196.525774023351
          1554.44601865655          574.289093834934          196.822327107445
          1551.90320286315          574.289092341192          197.119002897271
          1549.36020894713          574.289090830829          197.416220491891
          1546.81696200167          574.289089408691          197.713644398791
          1544.27339457848          574.289088103265          198.010502136641
          1541.72932539297          574.289086753477          198.305897667127
          1539.18476925375          574.289085290216           198.59879856718
          1536.63961030345          574.289083746655          198.887916938024
          1534.09378215223          574.289082131662          199.171984853508
          1531.54716428666          574.289080437271          199.449981542312
          1528.99979072813          574.289078650566          199.720958081853
          1526.45154125941          574.289076738285           199.98393044039
          1523.90238625463          574.289074662264          200.237932009184
          1521.35235208572          574.289072378535          200.482293219248
          1518.80141035015          574.289069829407          200.716459624641
          1516.24961762184          574.289066936518          200.939929324857
          1513.69699309456          574.289063603647          201.152192012354
          1511.14359088644          574.289059716432          201.352839706149
          1508.58938709728          574.289055121534          201.541764393857
          1506.03450252156          574.289049870906          201.718963023158
          1503.47897781608          574.289045722921          201.884390168772
          1500.92295571344          574.289042309938          202.037980877964
          1498.36629245002          574.289038200446          202.180030754418
          1495.80917547497          574.289033596973          202.310861727633
          1493.25164188565          574.289028538582             202.430855817
          1490.69372875789          574.289023038139          202.540367440505
          1488.13552883556           574.28901702926          202.639584190032
          1485.57700894652          574.289010397548           202.72878468759
          1483.01815788823          574.289002893177          202.808428628141
          1480.45909393865          574.288994020691          202.878908809621
          1477.89988721383          574.288982762519          202.940517985555
          1475.34045666928          574.288966791673          202.993374825451
          1472.78086431573          574.288943884463          203.037595763982
          1470.22127901049          574.288957489473          203.072517189671
          1467.66158105732          574.288970249217           203.09907712758
          1465.10184048266          574.288981154826          203.117454764661
          1462.54202659233          574.288990727117          203.127526334647
          1459.98216535308          574.288999350622          203.129202443378
          1457.42237209481          574.289007299646           203.12264865418
          1454.86259852967          574.289014757469          203.107972202625
          1452.30286903512            574.2890214497          203.085141960871
          1449.74318611219          574.289026990978          203.053998625346
          1447.18363822032          574.289031723376          203.014648784863
          1444.62413575318          574.289035889728          202.967174976174
          1442.06475242501          574.289039674908          202.911511904258
          1439.50561753987          574.289043200013          202.847536804988
          1436.94667315049          574.289046529788          202.775311860488
          1434.38786056759          574.289049675047          202.695073557686
           1431.8293717087          574.289052651299          202.606801636203
          1429.27110377246          574.289055378825          202.510440328695
          1426.71303632609          574.289057718214          202.405981470559
          1424.15544787268          574.289059746733          202.293550721828
          1421.59804672564          574.289061525417          202.173342912499
          1419.04104461312          574.289063101137          202.045383965838
          1416.48448353445          574.289064504584          201.909658700365
          1413.92825124272          574.289065757154          201.766162811698
          1411.37248445283          574.289066878674          201.615004967526
          1408.81721971578          574.289067885128          201.456264902738
          1406.26239509764          574.289068791185          201.289878805719
           1403.7081185504          574.289069618275           201.11575472287
          1401.15440818156          574.289070386543          200.933806359711
          1398.60127665876            574.2890711101          200.743967378315
          1396.04882680534          574.289071803082          200.546086323981
          1393.49711573407          574.289072481218          200.339921043537
          1390.94616081348           574.28907314491          200.125161908053
           1388.3959623084          574.289073796541          199.901514280908
          1385.84663190838          574.289074425066          199.668604736797
          1383.29833931879          574.289075008105          199.425906822431
          1380.75110475567          574.289075508996          199.172830805723
          1378.20512929298          574.289075928905          198.908648581723
          1375.66046508079          574.289076325683          198.632570746258
          1373.11735137715          574.289076648301          198.343566428579
          1370.57588579893           574.28907685454          198.040394784229
          1368.03655434644          574.289076928018          197.721628843484
          1365.49947639818          574.289076922383          197.385519427879
          1362.96515034262           574.28907682948          197.029909537992
          1360.43412420122          574.289076700402           196.65203673259
          1357.90718453699          574.289076522289          196.248435804988
          1355.38528806266          574.289076378998          195.814360220685
          1352.87001823789          574.289076264201          195.343184673425
          1350.36379536215          574.289076210297          194.825236484038
          1347.87072998142          574.289076223561          194.245517635107
          1345.39814388899          574.289076288899           193.57976847046
          1342.96135670442           574.28907637844          192.785710012918
          1340.59802300953          574.289076426645          191.781146411232
          1338.43526935613          574.289076325806           190.37512547991
          1337.21670386817           574.28907574029          188.112639918629
          1338.59329271643          574.208624358662          186.170454779905
          1340.88887398437          574.208626308327          185.094585507053
          1343.32323024726          574.208627747443          184.343970455931
          1345.80402085503          574.208628901681          183.749180786808
           1348.3064377514          574.208629843238          183.244407743125
          1350.82080636887           574.20863066681          182.798101769487
          1353.34263553271          574.208631389614          182.393248368006
          1355.86960947925          574.208632068505           182.01996976952
          1358.40040564309          574.208632588033          181.672260601341
          1360.93418588254          574.208633194433          181.346307206507
          1363.47036533148          574.208633704416          181.039574147329
           1366.0085926202          574.208634365434          180.750395098123
          1368.54862749235          574.208634927026          180.477495338494
          1371.09030442619           574.20863560969          180.219829446936
          1373.63336228896          574.208636435913          179.976696921576
          1376.17763892882          574.208637272203          179.747423107886
          1378.72303292528          574.208638055616           179.53139349181
           1381.2695455697          574.208638950856          179.328116927094
          1383.81697534002          574.208639942488          179.137281981103
          1386.36523705341          574.208640981793          178.958579705023
          1388.91430378724          574.208642031598          178.791705238128
          1391.46412627461          574.208643062429           178.63641966829
          1394.01458506222          574.208644049482          178.492708049255
          1396.56567023677          574.208644982393          178.360495638981
          1399.11721688904          574.208645868022          178.239616231309
           1401.6692449853          574.208646707036          178.129888418343
          1404.22178014138          574.208647485617          178.031361149814
          1406.77476118563          574.208648194545          177.944072323708
          1409.32797461228          574.208648860531          177.867920278118
          1411.88143360509           574.20864949319          177.802731574449
          1414.43519664757          574.208650086851          177.748368197926
          1416.98908521786           574.20865064564          177.705039728329
          1419.54307614942          574.208651178149          177.672882047433
            1422.097194089          574.208651680957          177.651774237913
          1424.65134933208          574.208652144986          177.641550451745
          1427.20549931606          574.208652562567          177.642310632418
          1429.75956599748          574.208652906544          177.654490547836
          1432.31346377987          574.208653175887           177.67807915655
          1434.86726821017          574.208653224614          177.712861703958
          1437.42080926058          574.208653038175          177.759143083971
          1439.97404398715          574.208652562644          177.817443747405
          1442.52697955086          574.208651733691          177.887446851656
          1445.07952750139          574.208650559634          177.969164525664
          1447.63165247934          574.208648950572          178.062910928881
          1450.18334281967          574.208646740982          178.169047288219
          1452.73447331882          574.208643668478          178.287743456934
          1455.28491084884          574.208639334204          178.418828479879
          1457.83479778016          574.208633277195          178.562245338471
          1460.38401666913          574.208625888469          178.718318136475
          1462.93240331956          574.208617001505          178.887282958618
          1465.47993862583          574.208633295956          179.069247273033
          1468.02658038352          574.208660273887          179.264090215037
          1470.57230936031          574.208685336938          179.471701575075
          1473.11712096662          574.208707497105          179.692220584947
          1475.66086679476          574.208727168783          179.925758632435
          1478.20350213452          574.208743526339          180.172375757383
          1480.74506708335          574.208755347157          180.431937301144
          1483.28546206046           574.20876409997          180.704111937563
          1485.82463117711          574.208771269638          180.988783290005
           1488.3625905117          574.208777803501          181.285817093822
          1490.89929778776          574.208784378826          181.595008719955
          1493.43471401216          574.208791535331          181.915973596522
          1495.96891922518          574.208799593966          182.248119136832
          1498.50194729045          574.208808903369          182.591012491327
          1501.03364871373          574.208819523246          182.944190174253
          1503.56419851061          574.208830783977          183.307111009162
          1506.09366773518           574.20884307069          183.679066759965
          1508.62200142608          574.208855909695          184.059135125776
          1511.14942554328          574.208867799106          184.446435076276
          1513.67600095053          574.208879590904          184.840083151897
          1516.20176615795          574.208891686662          185.239139756715
          1518.72695089251          574.208903946501          185.642437291211
          1521.25171841446          574.208916146786          186.048679944865
          1523.77617516207          574.208927881755           186.45665676864
          1526.30054796301          574.208937600881          186.865188062211
          1528.82504041846           574.20894134052          187.273042451739
          1531.34978381657          574.208937401305          187.678789275483
          1533.87498358109          574.208930309075          188.080797231972
          1536.40094256674          574.208923374607          188.477574761681
            1538.927720445          574.208917448639          188.867705674646
          1541.45560973068          574.208912637194          189.249549553295
          1543.98485085784          574.208908999431          189.621071276611
          1546.51555546249          574.208906563237          189.980360851311
          1549.04806910646          574.208905145518          190.325495300319
          1551.58244971227          574.208904604344          190.654205935351
           1554.1189379543          574.208905232911          190.963057761518
          1556.65786870411          574.208907000008          191.248914863491
          1559.19923233173          574.208909520458          191.508693378326
          1561.74318730598          574.208913954153          191.737627859419
          1564.28977070343          574.208918862726          191.929796509817
          1566.83892306083          574.208925264857          192.080928418617
          1569.39020549961          574.208931932022          192.184158874158
          1571.94300142212          574.208939838281          192.231901928277
          1574.49623328942          574.208944808082          192.217164857926
          1577.04827032342          574.208943651262          192.130950182151
          1579.59669629454          574.208937316971          191.961959597101
          1582.13771642133          574.208930676006          191.694975629878
          1584.66383418767          574.208923308217           191.30141827357
          1587.15170117157          574.208913927704           190.70144822662