    1813.15116418459          1011.63997268483          244.922330732869
          1811.74984387745          1011.63787822843          245.373271713237
           1810.3208069934          1011.63696043524          245.718325984838
          1808.88049321994          1011.63642885324          246.011301886873
          1807.43353953332          1011.63603575807          246.269247695263
          1805.98206800335          1011.63574614865          246.499827305337
          1804.52746150195          1011.63551421023          246.708633738643
          1803.07072139487          1011.63532670335          246.900100366052
          1801.61257628215           1011.6351975858          247.077674890294
          1800.15352894365          1011.63506154938          247.245112018333
          1798.69385497212          1011.63497245415          247.404250580834
          1797.23387228143          1011.63487458635          247.557574664269
          1795.77369218879          1011.63479731559          247.706028876256
          1794.31354272367          1011.63473757725           247.85046667769
          1792.85333189865          1011.63467407374          247.991641229986
          1791.39311399426          1011.63461678913          248.129563093588
          1789.93285950516          1011.63456891099          248.264025584134
          1788.47266462623          1011.63452982467          248.394744406451
          1787.01232129542          1011.63449397373          248.521532606011
           1785.5519082365           1011.6344594222          248.644088853618
          1784.09124936968           1011.6344273167           248.76194598917
          1782.63038407001          1011.63439799708          248.874703651277
          1781.16930729989          1011.63437142597          248.982074107026
          1779.70791989187          1011.63434742226          249.083802535367
          1778.24624538518           1011.6343258017          249.179608053453
          1776.78427533687          1011.63430630901          249.269218607623
          1775.32200837904          1011.63428880209          249.352480503263
          1773.85948799499          1011.63427313932          249.429287468712
          1772.39662091107          1011.63425914851          249.499547780873
          1770.93350160174          1011.63424668857          249.563113725591
          1769.47014525272          1011.63423564854             249.619888668
          1768.00654836634          1011.63422596098          249.669909074421
          1766.54274434769           1011.6342175214          249.713257638507
          1765.07882982601          1011.63421023811          249.750018422869
          1763.61475371342          1011.63420406249          249.780156877902
          1762.15053235886          1011.63419907045          249.803820767301
          1760.68622544211          1011.63419544412          249.821214314839
          1759.22187268527          1011.63419302843          249.832542294942
          1757.75752302094          1011.63419161619          249.837992542965
          1756.29315765062          1011.63419105807          249.837662662791
          1754.82877540236          1011.63419123894          249.831712536582
          1753.36440836146          1011.63419208045          249.820358104864
          1751.90008149346          1011.63419356366          249.803821562941
          1750.43579921053          1011.63419577284          249.782274590102
          1748.97156050042          1011.63419884373          249.755764412128
          1747.50735601253          1011.63420263661          249.724391642734
          1746.04329015853          1011.63420670479          249.688314161801
          1744.57928348278          1011.63421095991          249.647707563295
           1743.1153810383          1011.63421546138          249.602719627722
          1741.65157426436          1011.63422027872          249.553351158691
          1740.18785870928          1011.63422551149          249.499674058907
          1738.72431255933          1011.63423128335          249.441844418458
          1737.26092091118          1011.63423779385          249.379932206119
          1735.79759713515           1011.6342448944          249.313954137523
          1734.33445787384          1011.63425174705          249.243982384683
          1732.87151389302          1011.63425840879          249.170130796102
          1731.40874086221          1011.63426502528          249.092423425641
          1729.94612464757          1011.63427174107          249.010809735042
          1728.48368650064          1011.63427867882           248.92526084961
          1727.02149110487          1011.63428592803           248.83579340256
          1725.55956202388          1011.63429355706          248.742454126318
          1724.09781887873          1011.63430171769          248.645192689718
           1722.6364033903          1011.63431021857          248.543942760353
          1721.17526352228          1011.63431849276          248.438588641608
           1719.7143591762          1011.63432667002          248.329168245849
          1718.25380662453          1011.63433480598          248.215627889137
          1716.79358699821          1011.63434306261          248.097894173744
          1715.33372479719          1011.63435154079          247.975863931649
          1713.87418180001          1011.63436029055          247.849433646791
          1712.41506119821          1011.63436938973          247.718543590785
          1710.95638011821          1011.63437892295          247.583139659448
          1709.49808931246          1011.63438897514          247.443102475024
          1708.04024636232          1011.63439967115          247.298269102319
          1706.58284376812           1011.6344111206          247.148496751262
          1705.12603995287          1011.63442348482          246.993669432994
          1703.66973223171          1011.63443699023          246.833639746009
           1702.2139760512          1011.63445187118          246.668187675667
          1700.75887068325          1011.63446843353          246.497090284229
          1699.30442749854          1011.63448699311           246.32009844458
          1697.85066565743          1011.63450781596          246.136973405719
          1696.39768077474          1011.63453083047          245.947402475079
          1694.94558948973          1011.63455541578          245.751005699707
          1693.49439507355          1011.63458193418           245.54734404948
          1692.04417901266          1011.63461605909          245.336025184344
          1690.59509592932           1011.6346589728          245.116467060325
           1689.1473760577          1011.63470802131          244.887979278945
            1687.701097644          1011.63475543282           244.64981252932
           1686.2564056846          1011.63482410173          244.401058141514
          1684.81374537248          1011.63490841722          244.140592258711
          1683.37332707145          1011.63499534233          243.866980515877
          1681.93577302559          1011.63512740304          243.578459788769
          1680.50162982787          1011.63527365248          243.272692575043
          1679.07193599934          1011.63545978784            242.9464343881
          1677.64823451728          1011.63573008394          242.594892143076
          1676.23302164005          1011.63610035903          242.210957601623
          1674.83101519159          1011.63665393092          241.782774467909
          1673.45165750034          1011.63763312199           241.28932739694
          1672.11800109165          1011.63939465402          240.689374426261
          1670.90390407911          1011.64008807662          239.894925125827
          1670.24059147389          1011.63822206558          238.687245451162
          1671.12690951411          1011.67473703699          237.542086124628
          1672.45975288866          1011.67479422693           236.93653253545
          1673.86383607117          1011.67250412465          236.544366220317
          1675.29205189392          1011.67121765478           236.25006370762
          1676.73115206366          1011.67042580194          236.013124701524
          1678.17596317053          1011.66986161812          235.813959370578
          1679.62437852444          1011.66944343429          235.641675033073
           1681.0750689758          1011.66911510756           235.48990911926
          1682.52753112217          1011.66890183135          235.354579133851
          1683.98119038058          1011.66869349745          235.233394742361
          1685.43588721326          1011.66855435857          235.124387273648
          1686.89148782888          1011.66840934119          235.026577484752
          1688.34776195415          1011.66831194267          234.938884390829
          1689.80465467256          1011.66821804399          234.860641944591
          1691.26210192971          1011.66812905286          234.791316807975
           1692.7199770665          1011.66805661993          234.730373959174
          1694.17833476214           1011.6680008572          234.677342901285
          1695.63695407592          1011.66794833413          234.631901446887
          1697.09599141503          1011.66789794609          234.593791817729
          1698.55522568213          1011.66785187609          234.562758613042
          1700.01471519101          1011.66781058131           234.53855350924
          1701.47441381815          1011.66777380466          234.520969606149
          1702.93431508493          1011.66774095128          234.509952146232
          1704.39440258239          1011.66771144106          234.505384257232
          1705.85456086786          1011.66768483497          234.507112123309
          1707.31485287945          1011.66766073922          234.514959368766
          1708.77518980194          1011.66763890701          234.528919346671
          1710.23556245041          1011.66761912229          234.548964661956
          1711.69591865475          1011.66760122791          234.574975492691
          1713.15631718135           1011.6675850697          234.606787062245
          1714.61665757568          1011.66757052023          234.644309517781
          1716.07690744701          1011.66755743571          234.687635740432
          1717.53708157954          1011.66754571298          234.736729898726
          1718.99713405099           1011.6675352222          234.791443587054
          1720.45704598584          1011.66752576952          234.851751695277
          1721.91678519659           1011.6675171733          234.917732658771
          1723.37627234675          1011.66750940815          234.989394754839
          1724.83554984117          1011.66750247497          235.066623661943
          1726.29464981359          1011.66749620461           235.14947126305
          1727.75339760953          1011.66749100796          235.238064053411
          1729.21176463404          1011.66748695958          235.332467920463
           1730.6698820829          1011.66748373331          235.432525359828
          1732.12757866453          1011.66748115802          235.538236114546
          1733.58481832727          1011.66747912391          235.649693997063
          1735.04168392086          1011.66747758214          235.766997110822
          1736.49809325203          1011.66747654736          235.890184218265
            1737.953924428          1011.66747603666          236.019177309298
          1739.40930595535          1011.66747611592          236.153940996938
          1740.86405340634          1011.66747677164          236.294577841881
          1742.31823766449          1011.66747788177          236.441126371292
          1743.77178925658           1011.6674793754          236.593693902552
          1745.22465657473          1011.66748125079          236.752186637524
          1746.67682023183          1011.66748356816          236.916540884059
          1748.12824235752          1011.66748644659          237.086792927294
          1749.57892842176          1011.66749010958          237.262960119571
          1751.02881902359          1011.66749456835          237.445032840176
          1752.47794644936          1011.66749932799          237.632938292506
          1753.92624627877          1011.66750434975          237.826514950113
          1755.37371153004            1011.667509729          238.025684359031
          1756.82032668449          1011.66751558507          238.230347897454
          1758.26604032086          1011.66752208077          238.440370632135
          1759.71088121348          1011.66752941628          238.655556690794
          1761.15493956524           1011.6675377913          238.875631392545
            1762.598115246          1011.66754742591          239.100343656979
          1764.04045497271          1011.66755824294          239.329454352989
          1765.48209649392          1011.66756960872          239.562678924512
          1766.92289076945          1011.66758164408          239.799648655077
          1768.36306053191          1011.66759446204          240.039910466731
           1769.8025824968          1011.66760822948          240.283031700587
          1771.24153936478          1011.66762310861          240.528565844747
          1772.68006766156          1011.66763930512          240.776038396769
          1774.11820005785          1011.66765700886          241.024869754355
          1775.55602584752          1011.66767638301          241.274401111974
          1776.99374684833          1011.66769761906          241.523987550505
          1778.43144174908          1011.66772095044          241.772996011602
          1779.86922703269           1011.6677466338          242.020749449177
          1781.30723231297          1011.66777499645          242.266441228815
          1782.74559776797          1011.66780642451          242.509213596009
          1784.18455858631          1011.66784129859          242.748288802082
           1785.6240748933           1011.6678799444           242.98286305207
          1787.06442939017          1011.66792244787          243.212065485128
          1788.50577666269          1011.66796823985          243.434792216567
          1789.94822607198          1011.66801536446          243.650043242242
          1791.39185257551          1011.66806644768          243.856853155792
          1792.83693787944          1011.66813043756          244.054025421071
          1794.28354327138          1011.66820682759          244.239823868493
          1795.73199590757          1011.66828715623          244.412816385445
          1797.18221066515          1011.66836475099          244.571659755851
          1798.63447357102          1011.66847729932          244.713808926143
          1800.08881462605          1011.66858988705          244.836652973991
          1801.54521170998          1011.66873244992          244.938123173654
          1803.00355356776          1011.66888769767          245.014854802896
          1804.46359860104          1011.66911215177          245.063524977928
          1805.92489916317          1011.66936243172          245.080214820018
          1807.38652325933          1011.66969182989          245.060782118571
          1808.84737631732            1011.670158446          244.999290634002
          1810.30541951255          1011.67077007581          244.887944324521
          1811.75702268386          1011.67187582657          244.709284572453
          1813.19065774316          1011.67450345433          244.412686260798