0.000000 0.000000 0.000000 0.000000
0.004977 0.009096 0.005466 -0.007928
0.013692 0.014689 0.014599 -0.012347
0.023191 0.018655 0.024302 -0.015432
0.032973 0.021771 0.034198 -0.017871
0.042894 0.024369 0.044184 -0.019936
0.052892 0.026621 0.054220 -0.021756
0.062941 0.028624 0.064289 -0.023405
0.073023 0.030439 0.074380 -0.024922
0.083130 0.032103 0.084487 -0.026335
0.093256 0.033644 0.094606 -0.027658
0.103397 0.035080 0.104737 -0.028903
0.113550 0.036425 0.114876 -0.030077
0.123713 0.037688 0.125024 -0.031185
0.133885 0.038880 0.135178 -0.032232
0.144064 0.040006 0.145339 -0.033221
0.154250 0.041073 0.155505 -0.034155
0.164441 0.042086 0.165677 -0.035038
0.174637 0.043049 0.175853 -0.035871
0.184837 0.043967 0.186033 -0.036658
0.195041 0.044843 0.196218 -0.037400
0.205248 0.045678 0.206407 -0.038099
0.215459 0.046476 0.216598 -0.038755
0.225672 0.047238 0.226793 -0.039369
0.235888 0.047966 0.236991 -0.039942
0.246107 0.048659 0.247191 -0.040473
0.256328 0.049320 0.257394 -0.040964
0.266551 0.049948 0.267600 -0.041413
0.276775 0.050543 0.277807 -0.041821
0.287002 0.051106 0.288016 -0.042187
0.297230 0.051636 0.298226 -0.042512
0.307460 0.052134 0.308438 -0.042796
0.317691 0.052600 0.318652 -0.043037
0.327924 0.053032 0.328866 -0.043236
0.338157 0.053432 0.339081 -0.043393
0.348391 0.053799 0.349297 -0.043508
0.358627 0.054133 0.359513 -0.043582
0.368864 0.054435 0.369729 -0.043611
0.379101 0.054704 0.379945 -0.043598
0.389339 0.054941 0.390161 -0.043542
0.399577 0.055145 0.400377 -0.043443
0.409816 0.055319 0.410593 -0.043299
0.420056 0.055460 0.420807 -0.043111
0.430295 0.055569 0.431021 -0.042880
0.440535 0.055648 0.441233 -0.042604
0.450775 0.055695 0.451444 -0.042282
0.461015 0.055711 0.461654 -0.041915
0.471255 0.055696 0.471861 -0.041501
0.481494 0.055651 0.482067 -0.041042
0.491734 0.055574 0.492270 -0.040536
0.501973 0.055465 0.502471 -0.039983
0.512211 0.055325 0.512669 -0.039381
0.522449 0.055152 0.522864 -0.038732
0.532687 0.054946 0.533056 -0.038034
0.542923 0.054707 0.543245 -0.037289
0.553159 0.054434 0.553430 -0.036494
0.563394 0.054124 0.563612 -0.035650
0.573628 0.053778 0.573789 -0.034757
0.583861 0.053395 0.583963 -0.033816
0.594092 0.052972 0.594132 -0.032827
0.604322 0.052510 0.604297 -0.031791
0.614550 0.052005 0.614457 -0.030708
0.624777 0.051456 0.624614 -0.029579
0.635001 0.050864 0.634765 -0.028407
0.645223 0.050227 0.644912 -0.027194
0.655444 0.049542 0.655055 -0.025941
0.665661 0.048811 0.665193 -0.024650
0.675875 0.048031 0.675327 -0.023324
0.686086 0.047204 0.685458 -0.021966
0.696294 0.046330 0.695585 -0.020581
0.706498 0.045409 0.705708 -0.019171
0.716699 0.044441 0.715829 -0.017738
0.726896 0.043428 0.725948 -0.016286
0.737088 0.042371 0.736065 -0.014822
0.747277 0.041273 0.746181 -0.013351
0.757462 0.040135 0.756297 -0.011877
0.767643 0.038958 0.766413 -0.010407
0.777820 0.037747 0.776530 -0.008946
0.787994 0.036505 0.786649 -0.007500
0.798164 0.035235 0.796771 -0.006074
0.808331 0.033940 0.806895 -0.004675
0.818495 0.032626 0.817024 -0.003310
0.828658 0.031297 0.827157 -0.001983
0.838819 0.029959 0.837296 -0.000706
0.848978 0.028614 0.847441 0.000512
0.859136 0.027266 0.857594 0.001660
0.869293 0.025918 0.867753 0.002723
0.879450 0.024568 0.877922 0.003687
0.889604 0.023213 0.888099 0.004541
0.899756 0.021843 0.898285 0.005262
0.909905 0.020446 0.908480 0.005829
0.920046 0.019003 0.918683 0.006224
0.930178 0.017491 0.928892 0.006419
0.940296 0.015877 0.939106 0.006387
0.950394 0.014129 0.949318 0.006100
0.960464 0.012204 0.959521 0.005528
0.970494 0.010053 0.969707 0.004627
0.980467 0.007613 0.979858 0.003331
0.990346 0.004759 0.989944 0.001526
1.000000 0.001125 0.999868 -0.001125
