0.000000 0.000000 0.000000 0.000000
0.004265 0.008438 0.005106 -0.007328
0.012427 0.014057 0.013768 -0.011757
0.021625 0.018110 0.023129 -0.014999
0.031226 0.021301 0.032751 -0.017672
0.041028 0.023958 0.042508 -0.020017
0.050946 0.026253 0.052352 -0.022149
0.060940 0.028288 0.062258 -0.024129
0.070987 0.030123 0.072211 -0.025992
0.081074 0.031799 0.082202 -0.027758
0.091192 0.033344 0.092221 -0.029439
0.101334 0.034777 0.102265 -0.031044
0.111496 0.036114 0.112328 -0.032581
0.121673 0.037366 0.122412 -0.034052
0.131862 0.038542 0.132512 -0.035461
0.142063 0.039649 0.142628 -0.036810
0.152271 0.040693 0.152758 -0.038101
0.162488 0.041678 0.162901 -0.039334
0.172710 0.042608 0.173055 -0.040512
0.182937 0.043487 0.183221 -0.041634
0.193168 0.044316 0.193398 -0.042700
0.203403 0.045098 0.203584 -0.043710
0.213641 0.045835 0.213781 -0.044666
0.223882 0.046528 0.223986 -0.045566
0.234125 0.047179 0.234201 -0.046411
0.244369 0.047789 0.244424 -0.047200
0.254616 0.048359 0.254655 -0.047935
0.264863 0.048891 0.264893 -0.048615
0.275111 0.049385 0.275137 -0.049240
0.285360 0.049843 0.285387 -0.049810
0.295609 0.050265 0.295642 -0.050326
0.305859 0.050652 0.305901 -0.050790
0.316108 0.051004 0.316165 -0.051202
0.326357 0.051321 0.326431 -0.051560
0.336606 0.051603 0.336701 -0.051865
0.346856 0.051851 0.346972 -0.052119
0.357105 0.052066 0.357245 -0.052323
0.367354 0.052245 0.367518 -0.052474
0.377602 0.052389 0.377792 -0.052573
0.387851 0.052499 0.388066 -0.052620
0.398099 0.052573 0.398339 -0.052617
0.408347 0.052613 0.408611 -0.052561
0.418594 0.052617 0.418882 -0.052452
0.428841 0.052587 0.429151 -0.052292
0.439087 0.052522 0.439417 -0.052079
0.449331 0.052423 0.449680 -0.051812
0.459575 0.052290 0.459940 -0.051490
0.469818 0.052123 0.470197 -0.051114
0.480061 0.051924 0.480450 -0.050685
0.490302 0.051693 0.490699 -0.050202
0.500542 0.051431 0.500945 -0.049664
0.510781 0.051138 0.511186 -0.049069
0.521020 0.050816 0.521424 -0.048420
0.531257 0.050466 0.531657 -0.047716
0.541493 0.050088 0.541886 -0.046958
0.551728 0.049683 0.552110 -0.046145
0.561961 0.049251 0.562330 -0.045278
0.572194 0.048792 0.572545 -0.044356
0.582425 0.048308 0.582755 -0.043381
0.592655 0.047797 0.592961 -0.042354
0.602884 0.047259 0.603161 -0.041276
0.613112 0.046693 0.613357 -0.040147
0.623337 0.046099 0.623547 -0.038968
0.633561 0.045475 0.633733 -0.037742
0.643784 0.044821 0.643914 -0.036471
0.654004 0.044134 0.654090 -0.035156
0.664222 0.043412 0.664262 -0.033799
0.674439 0.042656 0.674429 -0.032403
0.684652 0.041863 0.684592 -0.030972
0.694864 0.041034 0.694751 -0.029509
0.705073 0.040166 0.704906 -0.028017
0.715279 0.039261 0.715058 -0.026500
0.725484 0.038319 0.725207 -0.024962
0.735685 0.037340 0.735353 -0.023407
0.745884 0.036326 0.745497 -0.021842
0.756081 0.035280 0.755640 -0.020269
0.766276 0.034202 0.765781 -0.018694
0.776468 0.033097 0.775921 -0.017121
0.786659 0.031968 0.786061 -0.015555
0.796849 0.030818 0.796201 -0.014000
0.807037 0.029651 0.806342 -0.012461
0.817224 0.028471 0.816484 -0.010941
0.827411 0.027284 0.826628 -0.009446
0.837596 0.026092 0.836775 -0.007981
0.847782 0.024899 0.846924 -0.006549
0.857969 0.023707 0.857078 -0.005159
0.868155 0.022517 0.867237 -0.003818
0.878340 0.021326 0.877401 -0.002539
0.888524 0.020131 0.887571 -0.001332
0.898705 0.018924 0.897749 -0.000214
0.908884 0.017695 0.907935 0.000792
0.919059 0.016427 0.918131 0.001665
0.929230 0.015101 0.928339 0.002379
0.939397 0.013692 0.938560 0.002896
0.949558 0.012170 0.948793 0.003188
0.959707 0.010500 0.959038 0.003209
0.969843 0.008641 0.969290 0.002912
0.979956 0.006535 0.979545 0.002230
0.990031 0.004074 0.989792 0.001054
1.000000 0.000902 1.000000 -0.000902
