0.000000 0.000000 0.000000 0.000000
0.004265 0.008520 0.004796 -0.007433
0.012427 0.014213 0.013460 -0.011986
0.021624 0.018334 0.022824 -0.015381
0.031225 0.021591 0.032449 -0.018231
0.041027 0.024310 0.042208 -0.020769
0.050945 0.026661 0.052055 -0.023106
0.060939 0.028743 0.061964 -0.025294
0.070986 0.030618 0.071920 -0.027364
0.081073 0.032324 0.081913 -0.029333
0.091191 0.033888 0.091935 -0.031214
0.101334 0.035331 0.101980 -0.033010
0.111495 0.036667 0.112046 -0.034727
0.121672 0.037910 0.122132 -0.036371
0.131862 0.039069 0.132234 -0.037945
0.142062 0.040151 0.142353 -0.039451
0.152271 0.041164 0.152485 -0.040891
0.162487 0.042113 0.162630 -0.042265
0.172709 0.043002 0.172787 -0.043577
0.182935 0.043834 0.182955 -0.044825
0.193167 0.044613 0.193134 -0.046010
0.203402 0.045341 0.203323 -0.047133
0.213639 0.046020 0.213522 -0.048194
0.223880 0.046652 0.223730 -0.049192
0.234123 0.047238 0.233947 -0.050127
0.244367 0.047781 0.244173 -0.051000
0.254614 0.048281 0.254406 -0.051810
0.264861 0.048740 0.264646 -0.052557
0.275111 0.049159 0.274893 -0.053242
0.285360 0.049538 0.285145 -0.053863
0.295610 0.049877 0.295403 -0.054422
0.305859 0.050178 0.305665 -0.054921
0.316109 0.050441 0.315931 -0.055359
0.326358 0.050667 0.326200 -0.055736
0.336608 0.050855 0.336472 -0.056053
0.346857 0.051008 0.346746 -0.056312
0.357106 0.051126 0.357021 -0.056514
0.367356 0.051207 0.367297 -0.056658
0.377605 0.051254 0.377574 -0.056745
0.387854 0.051266 0.387850 -0.056776
0.398102 0.051246 0.398126 -0.056753
0.408350 0.051191 0.408400 -0.056674
0.418597 0.051103 0.418673 -0.056539
0.428843 0.050984 0.428945 -0.056351
0.439089 0.050832 0.439213 -0.056109
0.449333 0.050649 0.449479 -0.055812
0.459576 0.050435 0.459742 -0.055460
0.469818 0.050191 0.470001 -0.055053
0.480059 0.049919 0.480257 -0.054593
0.490300 0.049619 0.490509 -0.054080
0.500540 0.049290 0.500757 -0.053511
0.510780 0.048935 0.511001 -0.052888
0.521018 0.048554 0.521241 -0.052211
0.531255 0.048147 0.531476 -0.051480
0.541491 0.047715 0.541708 -0.050696
0.551725 0.047259 0.551934 -0.049859
0.561959 0.046778 0.562157 -0.048968
0.572192 0.046274 0.572374 -0.048025
0.582423 0.045745 0.582587 -0.047030
0.592653 0.045192 0.592795 -0.045985
0.602881 0.044615 0.602997 -0.044890
0.613109 0.044011 0.613195 -0.043745
0.623334 0.043382 0.623389 -0.042553
0.633558 0.042725 0.633577 -0.041315
0.643780 0.042040 0.643760 -0.040034
0.654001 0.041326 0.653939 -0.038711
0.664219 0.040581 0.664113 -0.037348
0.674435 0.039805 0.674282 -0.035948
0.684649 0.038998 0.684448 -0.034514
0.694860 0.038157 0.694609 -0.033050
0.705069 0.037285 0.704767 -0.031558
0.715276 0.036379 0.714921 -0.030043
0.725480 0.035442 0.725072 -0.028508
0.735681 0.034474 0.735221 -0.026958
0.745881 0.033476 0.745367 -0.025396
0.756077 0.032451 0.755512 -0.023826
0.766272 0.031400 0.765655 -0.022252
0.776465 0.030326 0.775798 -0.020677
0.786656 0.029232 0.785940 -0.019106
0.796845 0.028122 0.796083 -0.017541
0.807033 0.026999 0.806226 -0.015986
0.817220 0.025866 0.816370 -0.014442
0.827407 0.024727 0.826517 -0.012914
0.837593 0.023586 0.836665 -0.011405
0.847779 0.022446 0.846817 -0.009919
0.857965 0.021309 0.856973 -0.008461
0.868151 0.020174 0.867134 -0.007038
0.878336 0.019043 0.877300 -0.005659
0.888519 0.017911 0.887473 -0.004336
0.898701 0.016774 0.897653 -0.003083
0.908879 0.015621 0.907841 -0.001922
0.919054 0.014443 0.918039 -0.000873
0.929226 0.013222 0.928249 0.000039
0.939393 0.011938 0.938473 0.000778
0.949554 0.010568 0.948708 0.001316
0.959704 0.009084 0.958956 0.001612
0.969840 0.007452 0.969211 0.001625
0.979954 0.005627 0.979468 0.001302
0.990030 0.003516 0.989718 0.000553
1.000000 0.000825 0.999929 -0.000825
