0.000000 0.000000 0.000000 0.000000
0.004201 0.010223 0.005088 -0.011006
0.012309 0.017346 0.013667 -0.018435
0.021451 0.022666 0.022933 -0.024349
0.030996 0.026926 0.032462 -0.029444
0.040766 0.030471 0.042158 -0.033976
0.050679 0.033488 0.051936 -0.038086
0.060682 0.036088 0.061786 -0.041845
0.070743 0.038346 0.071681 -0.045313
0.080840 0.040312 0.081627 -0.048525
0.090963 0.042025 0.091624 -0.051515
0.101104 0.043517 0.101672 -0.054311
0.111260 0.044810 0.111760 -0.056940
0.121426 0.045924 0.121870 -0.059429
0.131601 0.046879 0.132000 -0.061796
0.141781 0.047689 0.142147 -0.064055
0.151965 0.048367 0.152309 -0.066217
0.162153 0.048927 0.162483 -0.068288
0.172344 0.049381 0.172670 -0.070271
0.182537 0.049737 0.182867 -0.072169
0.192732 0.050005 0.193074 -0.073979
0.202928 0.050194 0.203290 -0.075700
0.213126 0.050314 0.213513 -0.077329
0.223324 0.050367 0.223744 -0.078863
0.233524 0.050364 0.233981 -0.080296
0.243725 0.050309 0.244224 -0.081626
0.253927 0.050207 0.254473 -0.082850
0.264131 0.050064 0.264728 -0.083967
0.274337 0.049885 0.274990 -0.084971
0.284547 0.049675 0.285257 -0.085863
0.294760 0.049437 0.295528 -0.086642
0.304976 0.049175 0.305802 -0.087313
0.315196 0.048894 0.316079 -0.087874
0.325418 0.048595 0.326358 -0.088321
0.335643 0.048281 0.336638 -0.088659
0.345868 0.047955 0.346919 -0.088891
0.356095 0.047617 0.357198 -0.089025
0.366321 0.047269 0.367477 -0.089048
0.376547 0.046912 0.377756 -0.088975
0.386774 0.046547 0.388032 -0.088807
0.397001 0.046174 0.398306 -0.088540
0.407230 0.045794 0.408577 -0.088175
0.417459 0.045407 0.418846 -0.087719
0.427689 0.045013 0.429114 -0.087177
0.437920 0.044612 0.439379 -0.086548
0.448153 0.044204 0.449642 -0.085834
0.458386 0.043789 0.459903 -0.085037
0.468619 0.043367 0.470162 -0.084164
0.478854 0.042937 0.480417 -0.083219
0.489089 0.042500 0.490669 -0.082206
0.499325 0.042055 0.500917 -0.081126
0.509562 0.041603 0.511160 -0.079984
0.519799 0.041142 0.521398 -0.078786
0.530036 0.040674 0.531630 -0.077536
0.540274 0.040197 0.541857 -0.076237
0.550513 0.039712 0.552079 -0.074891
0.560751 0.039216 0.562295 -0.073503
0.570990 0.038711 0.572506 -0.072075
0.581228 0.038194 0.582712 -0.070611
0.591467 0.037666 0.592912 -0.069114
0.601706 0.037125 0.603107 -0.067585
0.611944 0.036570 0.613296 -0.066026
0.622182 0.036001 0.623481 -0.064441
0.632419 0.035417 0.633660 -0.062830
0.642656 0.034818 0.643834 -0.061195
0.652893 0.034201 0.654004 -0.059537
0.663128 0.033568 0.664169 -0.057859
0.673363 0.032918 0.674329 -0.056160
0.683597 0.032250 0.684485 -0.054441
0.693830 0.031565 0.694638 -0.052703
0.704062 0.030863 0.704787 -0.050945
0.714293 0.030144 0.714934 -0.049169
0.724524 0.029407 0.725078 -0.047373
0.734753 0.028653 0.735220 -0.045558
0.744981 0.027883 0.745360 -0.043723
0.755208 0.027096 0.755500 -0.041868
0.765434 0.026292 0.765639 -0.039994
0.775659 0.025471 0.775777 -0.038100
0.785883 0.024634 0.785916 -0.036187
0.796107 0.023780 0.796055 -0.034257
0.806331 0.022909 0.806196 -0.032310
0.816555 0.022021 0.816338 -0.030350
0.826778 0.021114 0.826482 -0.028381
0.837000 0.020189 0.836628 -0.026406
0.847222 0.019244 0.846777 -0.024432
0.857440 0.018275 0.856929 -0.022464
0.867658 0.017285 0.867086 -0.020511
0.877880 0.016275 0.877250 -0.018576
0.888108 0.015247 0.887426 -0.016662
0.898339 0.014198 0.897615 -0.014781
0.908577 0.013130 0.907820 -0.012940
0.918817 0.012038 0.918041 -0.011150
0.929049 0.010910 0.928274 -0.009433
0.939269 0.009737 0.938517 -0.007811
0.949475 0.008512 0.948768 -0.006295
0.959665 0.007223 0.959028 -0.004901
0.969830 0.005850 0.969291 -0.003642
0.979962 0.004358 0.979551 -0.002527
0.990041 0.002675 0.989797 -0.001539
1.000000 0.000561 0.999997 -0.000561
