1549.40632167057           501.16125829022          184.455762478262
          1546.81951515667          501.161259925285          185.346263101881
          1544.17247237208          501.161273801569          186.045268275199
          1541.50031244028           501.16129337739          186.643934266518
          1538.81302836453          501.161319197713          187.171589905413
          1536.11521794991          501.161348228754          187.643985169799
          1533.40992258784          501.161380218233          188.072684429603
           1530.6992813614          501.161413268967          188.467768802615
          1527.98477544612          501.161440057156          188.838322665205
          1525.26782128898          501.161472200436          189.190791574744
          1522.54924616125           501.16149517559          189.532378995732
          1519.82942564716          501.161522122027          189.866531384275
          1517.10901388965          501.161544342718          190.197424488284
          1514.38817695151          501.161562222933          190.527344732553
           1511.6670586188          501.161581813933          190.857070403878
          1508.94565077131          501.161599803597          191.187453748077
          1506.22397303097          501.161615191899          191.518411031394
          1503.50194629277          501.161628043251          191.849265398048
          1500.77943875311          501.161640242194          192.179075247935
          1498.05634196035          501.161652308906          192.506811265705
          1495.33255875626          501.161663930813          192.831197769493
          1492.60795805356          501.161675143235          193.150963781889
          1489.88246550068          501.161685974727          193.464983983412
          1487.15606560111          501.161696447682          193.772200402569
           1484.4285997403          501.161706766362          194.071523790154
          1481.70010441937          501.161717089082          194.361928923914
          1478.97055395534          501.161727493564          194.642646014294
          1476.23987469707            501.1617380632          194.913078738036
          1473.50822161487          501.161748929337          195.172724902776
          1470.77559058475          501.161760144449          195.421099330266
          1468.04189450167          501.161771729921          195.657901353203
          1465.30723042435          501.161783672072           195.88311382084
          1462.57169078247          501.161795942296          196.096857714442
           1459.8353940593          501.161808521848            196.2993102745
          1457.09824833736          501.161821203024          196.490588641859
          1454.36039963867          501.161833719508          196.671072412429
          1451.62184757156          501.161844728004          196.841247541108
          1448.88274129737          501.161853792222          197.001570069261
          1446.14310894459          501.161860777829           197.15244591527
          1443.40305221573          501.161865837446          197.294071088742
          1440.66251475973          501.161869438399          197.426646692955
          1437.92159620542          501.161872305318          197.550364101226
          1435.18046938502          501.161875446454          197.665334624748
          1432.43912534227          501.161880278208          197.771543963089
          1429.69760528756          501.161887673755          197.868938441836
          1426.95580879429          501.161896754546          197.957856377882
          1424.21381311186          501.161905876465          198.038739269379
          1421.47166981408          501.161914746078          198.111579163493
          1418.72938339693          501.161923393778          198.176308411279
           1415.9869089745          501.161931960131          198.232578640219
          1413.24431156309          501.161940605519          198.280035620838
          1410.50166599641          501.161949460492          198.318600889346
          1407.75887219115          501.161958623748          198.348218313228
          1405.01609115109           501.16196769018          198.368951370113
          1402.27326986243          501.161975746565          198.380659222045
           1399.5304209668          501.161982980077          198.383228558392
          1396.78755743033          501.161989659548          198.376740431814
          1394.04480584326          501.161995975952          198.361187817898
          1391.30216705879          501.162002045964          198.336222929568
          1388.55955798771          501.162007927147          198.301900279023
          1385.81704560849          501.162013673109          198.258560840817
          1383.07473923372          501.162019303686          198.206253552178
          1380.33258971115          501.162024631292          198.145001021069
          1377.59061450976          501.162029357795           198.07488001246
          1374.84896122651          501.162033599269          197.996034427072
          1372.10746068517          501.162037482761          197.908721637229
          1369.36629881916          501.162041067177          197.812952471325
          1366.62544815933           501.16204439683          197.708679737599
          1363.88494612863          501.162047506949          197.595881867449
          1361.14481859796          501.162050412542          197.474630584581
          1358.40506086483          501.162053123041          197.344958823489
          1355.66576448477           501.16205564486          197.206716190966
           1352.9269590492          501.162057975456          197.059686643509
          1350.18869213237           501.16206012435           196.90366984701
          1347.45095713993          501.162062086242          196.738499401083
          1344.71380412864          501.162063859385          196.563956119509
          1341.97727887325          501.162065458322          196.379673088987
          1339.24148541437           501.16206688783          196.185294113335
          1336.50650839441           501.16206813389          195.980464064756
          1333.77236832862          501.162069216513          195.764842960503
          1331.03907428463           501.16207012222          195.537950874143
          1328.30692745437          501.162070850792          195.299196640753
          1325.57592784293          501.162071472593           195.04796161034
          1322.84618443491          501.162072098982          194.783525257185
           1320.1179490961          501.162072751563          194.504929103158
          1317.39142742139          501.162073393773          194.210973066931
          1314.66686080885          501.162073963086          193.900225729292
          1311.94454329898           501.16207478154           193.57081845355
          1309.22500577407          501.162075776327          193.220407731098
          1306.50876470712          501.162076822939          192.846100808479
          1303.79650185739          501.162078384246          192.443861403773
          1301.08942640121          501.162079964593          192.008557793507
          1298.38893888162          501.162081772425          191.532816921498
          1295.69769791636          501.162083931962           191.00613014437
          1293.01967108563          501.162086098089          190.412275201301
          1290.36269965578          501.162088204716           189.72514162264
           1287.7426616924          501.162090236496          188.899145984629
          1285.19885701583          501.162091677207          187.845608412074
          1282.86535150574          501.162091864235          186.357669783705
          1281.53358653513          501.162088014916          183.937704291301
          1283.00720736024          501.103415813924          181.852969719742
          1285.45447075423          501.103411555031          180.665562131478
          1288.05406298852          501.103412864626          179.815612608775
          1290.70536306037          501.103419380061          179.126389601388
          1293.38072114634          501.103429495282          178.529794592919
          1296.06965709228          501.103441826678          177.993514382292
          1298.76701463803          501.103455310969          177.500301777902
          1301.47027556254          501.103469282467          177.040150125107
          1304.17790015242          501.103479948271          176.606980498615
          1306.88894092435          501.103491169103          176.196841485855
          1309.60290727398          501.103498797308          175.807112019615
          1312.31915267225          501.103506288284          175.436066314504
          1315.03749893205           501.10351019887          175.082366520112
           1317.7578780142          501.103512181253          174.744998457653
          1320.47978420768          501.103511590617           174.42330817455
          1323.20325576798          501.103508198124          174.116759857893
          1325.92805754524          501.103502664772          173.824865134401
          1328.65417969358          501.103494421776          173.547258321747
          1331.38142466999           501.10348279324           173.28385931339
          1334.10976717999          501.103468625777          173.034533709663
          1336.83905461735          501.103452193316          172.799070524345
          1339.56927375385           501.10343378038          172.577333412512
          1342.30034229018          501.103413888569          172.369419877907
          1345.03218232953          501.103392573578          172.175277967661
          1347.76474361722          501.103369897599          171.994719983773
          1350.49788940748          501.103345836298          171.827488631815
            1353.231701531          501.103320423566          171.673597769181
          1355.96604286613          501.103293423039          171.533014964816
          1358.70085951689          501.103264789811          171.405540237053
          1361.43610444033          501.103234760782          171.290855726555
          1364.17171713874          501.103203334376          171.188722476765
          1366.90762828746           501.10317038312          171.099312783172
          1369.64376028163          501.103135959438          171.022626829295
          1372.38013962425          501.103100013059          170.958624790879
           1375.1167306496          501.103062362066          170.907033766346
          1377.85338699847          501.103022788517          170.867918810034
          1380.59006081175          501.102980635809          170.841780712204
          1383.32685048318          501.102934942322          170.828742974169
          1386.06349058108          501.102885268042           170.82851913861
          1388.80004884251          501.102835105542          170.841280243844
          1391.53645096246          501.102785536688          170.867720026001
          1394.27264272191          501.102736177166           170.90757968779
          1397.00857335481          501.102686149837          170.960800649502
          1399.74419891458          501.102634344036          171.027754009304
          1402.47944047356          501.102579237364          171.108954724644
          1405.21422271325           501.10251870206          171.204621790801
          1407.94850171596          501.102449624629          171.314557355507
          1410.68224383584          501.102372183027          171.438682295454
          1413.41540634103          501.102294611951          171.577169686522
          1416.14787167354          501.102216197534          171.730275094503
          1418.87956157064          501.102135146181          171.898190597684
          1421.61045539946          501.102049637832          172.080728801967
           1424.3405403205          501.101958007017          172.277751746347
          1427.06974702403          501.101859764816          172.489423909946
          1429.79795149648          501.101756326969          172.715805285403
          1432.52513609726          501.101666754815          172.956685514811
          1435.25117466353          501.101622660388          173.211333040639
          1437.97615357048          501.101630242139          173.479219765756
          1440.69994224427          501.101669683418          173.760390692857
          1443.42256454313          501.101723711531          174.054898817934
          1446.14401339183          501.101779569095          174.362658835834
           1448.8642114775           501.10182686953          174.683374663582
          1451.58320111421          501.101857357589          175.016560591139
          1454.30105594377          501.101863467968          175.361873099456
          1457.01772044037          501.101836559765          175.718889367562
          1459.73321251995          501.101772878883          176.087059177855
          1462.44762383628          501.101665730432          176.465765056818
          1465.16110630196          501.101532824563          176.853969670057
           1467.8735086882          501.101417644545          177.250391767723
          1470.58504472051          501.101297274223           177.65428059178
          1473.29585831669          501.101160115935          178.064739925685
          1476.00606408682            501.1010081068          178.480520781704
          1478.71584466204          501.100844901147          178.900222996735
           1481.4253180086          501.100677983783          179.322429930071
          1484.13465863264          501.100534997376          179.745397012318
          1486.84403934292          501.100486445372          180.166657107411
           1489.5536942999          501.100563855016          180.584042270747
          1492.26383064284          501.100688698224          180.996989959933
          1494.97458758759          501.100804844582          181.404968356907
          1497.68634391632          501.100900026335          181.806828585225
          1500.39914222618          501.100974109879          182.201060622176
          1503.11318734612          501.101027553611          182.585849673362
          1505.82877636308          501.101061325845          182.959502276997
          1508.54604908723          501.101078927905           183.32030105982
          1511.26510213669          501.101082442873          183.666161412474
          1513.98637749731            501.1010680565          183.993973608747
          1516.70984579013          501.101037055162          184.300644233388
          1519.43560041051          501.100995448126          184.582918610211
          1522.16384216979          501.100923470833           184.83637121908
          1524.89450757087           501.10084392912          185.054276842606
          1527.62737661894           501.10073878271          185.232089514918
          1530.36206902282          501.100627135577          185.362022236936
          1533.09762891053          501.100488959725            185.4349334214
          1535.83300942786          501.100395290479          185.442474176725
           1538.5663634467          501.100398248723          185.371966370054
          1541.29496334777          501.100479744501          185.211447711587
          1544.01448508463          501.100561986553          184.946127040773
          1546.71665870426          501.100645220359          184.546312422088
          1549.37562146424          501.100742423272          183.933252785921