0.000000 0.000000 0.000000 0.000000
0.004980 0.009029 0.005494 -0.007788
0.013697 0.014576 0.014625 -0.012229
0.023197 0.018499 0.024327 -0.015412
0.032981 0.021574 0.034222 -0.017994
0.042902 0.024129 0.044207 -0.020231
0.052901 0.026337 0.054243 -0.022242
0.062950 0.028293 0.064311 -0.024093
0.073033 0.030059 0.074401 -0.025821
0.083140 0.031675 0.084507 -0.027447
0.093267 0.033167 0.094627 -0.028988
0.103408 0.034554 0.104757 -0.030453
0.113562 0.035853 0.114895 -0.031848
0.123726 0.037073 0.125042 -0.033178
0.133898 0.038223 0.135196 -0.034447
0.144077 0.039311 0.145356 -0.035658
0.154263 0.040341 0.155522 -0.036812
0.164455 0.041318 0.165693 -0.037911
0.174651 0.042246 0.175869 -0.038957
0.184851 0.043128 0.186049 -0.039950
0.195055 0.043965 0.196234 -0.040891
0.205263 0.044760 0.206421 -0.041780
0.215474 0.045515 0.216613 -0.042617
0.225687 0.046231 0.226808 -0.043403
0.235904 0.046909 0.237005 -0.044138
0.246123 0.047551 0.247205 -0.044822
0.256343 0.048158 0.257408 -0.045456
0.266566 0.048730 0.267613 -0.046040
0.276791 0.049269 0.277820 -0.046574
0.287018 0.049776 0.288029 -0.047060
0.297246 0.050250 0.298240 -0.047498
0.307475 0.050693 0.308452 -0.047889
0.317706 0.051104 0.318665 -0.048233
0.327939 0.051483 0.328879 -0.048529
0.338172 0.051831 0.339094 -0.048777
0.348407 0.052147 0.349309 -0.048980
0.358642 0.052432 0.359526 -0.049136
0.368878 0.052684 0.369742 -0.049243
0.379115 0.052903 0.379958 -0.049302
0.389353 0.053088 0.390175 -0.049312
0.399591 0.053240 0.400391 -0.049274
0.409830 0.053358 0.410606 -0.049185
0.420068 0.053442 0.420821 -0.049046
0.430307 0.053490 0.431034 -0.048857
0.440547 0.053504 0.441247 -0.048617
0.450786 0.053485 0.451458 -0.048324
0.461025 0.053431 0.461668 -0.047977
0.471264 0.053344 0.471875 -0.047576
0.481503 0.053224 0.482081 -0.047122
0.491742 0.053070 0.492285 -0.046615
0.501980 0.052883 0.502486 -0.046053
0.512218 0.052663 0.512684 -0.045436
0.522455 0.052412 0.522880 -0.044765
0.532691 0.052130 0.533072 -0.044039
0.542927 0.051818 0.543261 -0.043259
0.553162 0.051477 0.553447 -0.042423
0.563396 0.051103 0.563629 -0.041534
0.573630 0.050697 0.573806 -0.040593
0.583862 0.050258 0.583980 -0.039603
0.594094 0.049786 0.594149 -0.038563
0.604324 0.049281 0.604314 -0.037473
0.614553 0.048743 0.614474 -0.036334
0.624779 0.048170 0.624630 -0.035146
0.635004 0.047562 0.634782 -0.033912
0.645227 0.046916 0.644929 -0.032633
0.655447 0.046233 0.655072 -0.031310
0.665664 0.045509 0.665211 -0.029945
0.675879 0.044744 0.675345 -0.028541
0.686090 0.043936 0.685476 -0.027102
0.696298 0.043085 0.695603 -0.025631
0.706502 0.042191 0.705727 -0.024133
0.716702 0.041254 0.715848 -0.022611
0.726899 0.040275 0.725967 -0.021068
0.737092 0.039256 0.736085 -0.019511
0.747281 0.038198 0.746201 -0.017945
0.757465 0.037104 0.756317 -0.016375
0.767646 0.035977 0.766433 -0.014813
0.777823 0.034821 0.776550 -0.013264
0.787997 0.033639 0.786668 -0.011732
0.798167 0.032435 0.796789 -0.010219
0.808334 0.031214 0.806914 -0.008728
0.818498 0.029981 0.817043 -0.007266
0.828660 0.028740 0.827176 -0.005840
0.838821 0.027495 0.837315 -0.004454
0.848980 0.026250 0.847460 -0.003117
0.859138 0.025007 0.857612 -0.001836
0.869295 0.023766 0.867772 -0.000622
0.879451 0.022525 0.877940 0.000513
0.889606 0.021280 0.888116 0.001557
0.899758 0.020023 0.898302 0.002494
0.909905 0.018738 0.908497 0.003297
0.920047 0.017412 0.918700 0.003951
0.930179 0.016019 0.928909 0.004427
0.940297 0.014535 0.939121 0.004689
0.950394 0.012925 0.949333 0.004707
0.960464 0.011152 0.959537 0.004434
0.970494 0.009172 0.969722 0.003825
0.980467 0.006928 0.979873 0.002825
0.990346 0.004309 0.989960 0.001323
1.000000 0.000975 0.999884 -0.000975
