0.000000 0.000000 0.000000 0.000000
0.004978 0.009038 0.005745 -0.008090
0.013692 0.014633 0.014876 -0.012616
0.023191 0.018629 0.024577 -0.015753
0.032974 0.021789 0.034472 -0.018210
0.042894 0.024437 0.044456 -0.020266
0.052892 0.026738 0.054491 -0.022058
0.062939 0.028788 0.064558 -0.023662
0.073021 0.030644 0.074647 -0.025123
0.083128 0.032345 0.084753 -0.026469
0.093253 0.033916 0.094871 -0.027720
0.103394 0.035377 0.105000 -0.028887
0.113547 0.036743 0.115138 -0.029980
0.123710 0.038024 0.125284 -0.031004
0.133881 0.039231 0.135436 -0.031966
0.144060 0.040370 0.145595 -0.032868
0.154245 0.041447 0.155761 -0.033715
0.164435 0.042468 0.165930 -0.034509
0.174631 0.043437 0.176105 -0.035253
0.184830 0.044357 0.186284 -0.035947
0.195033 0.045230 0.196467 -0.036594
0.205241 0.046058 0.206654 -0.037195
0.215450 0.046845 0.216844 -0.037752
0.225664 0.047591 0.227037 -0.038264
0.235879 0.048296 0.237234 -0.038733
0.246097 0.048964 0.247433 -0.039160
0.256318 0.049594 0.257634 -0.039546
0.266540 0.050187 0.267838 -0.039892
0.276764 0.050744 0.278043 -0.040197
0.286990 0.051265 0.288251 -0.040464
0.297218 0.051752 0.298460 -0.040693
0.307447 0.052204 0.308671 -0.040885
0.317678 0.052623 0.318882 -0.041040
0.327909 0.053008 0.329095 -0.041158
0.338142 0.053360 0.339308 -0.041239
0.348376 0.053680 0.349523 -0.041284
0.358611 0.053969 0.359737 -0.041292
0.368847 0.054226 0.369952 -0.041264
0.379084 0.054453 0.380167 -0.041198
0.389321 0.054649 0.390382 -0.041096
0.399559 0.054817 0.400596 -0.040956
0.409798 0.054956 0.410810 -0.040777
0.420036 0.055066 0.421023 -0.040561
0.430275 0.055149 0.431235 -0.040306
0.440515 0.055205 0.441446 -0.040013
0.450754 0.055235 0.451656 -0.039680
0.460993 0.055239 0.461864 -0.039307
0.471232 0.055216 0.472070 -0.038894
0.481471 0.055169 0.482274 -0.038442
0.491710 0.055097 0.492476 -0.037949
0.501948 0.055000 0.502675 -0.037414
0.512186 0.054877 0.512872 -0.036838
0.522424 0.054729 0.523066 -0.036221
0.532660 0.054556 0.533257 -0.035561
0.542896 0.054357 0.543444 -0.034860
0.553131 0.054132 0.553627 -0.034116
0.563366 0.053879 0.563808 -0.033329
0.573599 0.053597 0.573984 -0.032499
0.583831 0.053287 0.584156 -0.031626
0.594062 0.052946 0.594324 -0.030711
0.604291 0.052572 0.604487 -0.029754
0.614518 0.052165 0.614646 -0.028754
0.624745 0.051721 0.624801 -0.027712
0.634968 0.051239 0.634951 -0.026629
0.645189 0.050718 0.645097 -0.025507
0.655409 0.050154 0.655238 -0.024346
0.665626 0.049546 0.665375 -0.023148
0.675839 0.048892 0.675508 -0.021915
0.686049 0.048191 0.685637 -0.020648
0.696257 0.047442 0.695762 -0.019350
0.706460 0.046643 0.705885 -0.018025
0.716660 0.045795 0.716004 -0.016675
0.726856 0.044896 0.726122 -0.015304
0.737048 0.043949 0.736237 -0.013916
0.747237 0.042955 0.746352 -0.012516
0.757421 0.041913 0.756466 -0.011109
0.767601 0.040827 0.766581 -0.009698
0.777777 0.039698 0.776696 -0.008290
0.787950 0.038531 0.786814 -0.006892
0.798120 0.037327 0.796933 -0.005509
0.808286 0.036091 0.807057 -0.004146
0.818450 0.034826 0.817184 -0.002812
0.828612 0.033538 0.827316 -0.001513
0.838772 0.032230 0.837453 -0.000259
0.848931 0.030906 0.847597 0.000943
0.859088 0.029567 0.857747 0.002083
0.869245 0.028216 0.867906 0.003146
0.879400 0.026849 0.878072 0.004118
0.889555 0.025461 0.888248 0.004985
0.899706 0.024043 0.898432 0.005726
0.909853 0.022580 0.908626 0.006314
0.919994 0.021053 0.918827 0.006728
0.930126 0.019436 0.929035 0.006935
0.940243 0.017695 0.939247 0.006904
0.950340 0.015792 0.949457 0.006595
0.960409 0.013684 0.959659 0.005969
0.970439 0.011318 0.969843 0.004974
0.980412 0.008622 0.979993 0.003538
0.990290 0.005463 0.990078 0.001529
0.999944 0.001436 1.000000 -0.001436
