0.000000 0.000000 0.000000 0.000000
0.004264 0.008760 0.004694 -0.007822
0.012424 0.014664 0.013354 -0.012722
0.021621 0.018970 0.022715 -0.016454
0.031222 0.022390 0.032339 -0.019632
0.041024 0.025248 0.042096 -0.022491
0.050942 0.027718 0.051940 -0.025136
0.060935 0.029897 0.061851 -0.027607
0.070982 0.031849 0.071810 -0.029946
0.081069 0.033613 0.081804 -0.032167
0.091187 0.035218 0.091827 -0.034284
0.101329 0.036687 0.101874 -0.036304
0.111490 0.038035 0.111941 -0.038233
0.121667 0.039277 0.122028 -0.040076
0.131857 0.040424 0.132132 -0.041836
0.142057 0.041485 0.142251 -0.043517
0.152266 0.042467 0.152385 -0.045120
0.162483 0.043378 0.162531 -0.046647
0.172705 0.044223 0.172689 -0.048100
0.182932 0.045005 0.182857 -0.049479
0.193164 0.045728 0.193037 -0.050783
0.203399 0.046396 0.203227 -0.052013
0.213637 0.047010 0.213426 -0.053171
0.223877 0.047573 0.223635 -0.054254
0.234120 0.048086 0.233853 -0.055262
0.244364 0.048551 0.244080 -0.056196
0.254610 0.048970 0.254313 -0.057055
0.264857 0.049342 0.264554 -0.057841
0.275104 0.049667 0.274802 -0.058551
0.285352 0.049948 0.285055 -0.059187
0.295601 0.050185 0.295313 -0.059750
0.305850 0.050380 0.305576 -0.060242
0.316100 0.050534 0.315843 -0.060662
0.326349 0.050647 0.326113 -0.061011
0.336598 0.050722 0.336385 -0.061290
0.346847 0.050758 0.346660 -0.061502
0.357096 0.050758 0.356936 -0.061649
0.367345 0.050721 0.367213 -0.061730
0.377594 0.050651 0.377490 -0.061746
0.387843 0.050547 0.387767 -0.061703
0.398091 0.050411 0.398043 -0.061598
0.408339 0.050243 0.408319 -0.061430
0.418586 0.050045 0.418593 -0.061205
0.428833 0.049817 0.428865 -0.060922
0.439079 0.049561 0.439134 -0.060583
0.449325 0.049277 0.449401 -0.060188
0.459570 0.048966 0.459664 -0.059735
0.469814 0.048629 0.469924 -0.059228
0.480057 0.048267 0.480181 -0.058668
0.490299 0.047879 0.490434 -0.058055
0.500540 0.047467 0.500682 -0.057389
0.510779 0.047031 0.510927 -0.056670
0.521018 0.046571 0.521168 -0.055899
0.531255 0.046089 0.531405 -0.055078
0.541491 0.045584 0.541637 -0.054207
0.551726 0.045057 0.551865 -0.053286
0.561959 0.044507 0.562088 -0.052316
0.572192 0.043936 0.572306 -0.051297
0.582423 0.043342 0.582520 -0.050231
0.592653 0.042726 0.592729 -0.049119
0.602881 0.042087 0.602933 -0.047962
0.613108 0.041424 0.613132 -0.046761
0.623334 0.040737 0.623326 -0.045517
0.633558 0.040026 0.633516 -0.044232
0.643780 0.039289 0.643700 -0.042908
0.654000 0.038525 0.653880 -0.041548
0.664218 0.037735 0.664055 -0.040153
0.674435 0.036916 0.674226 -0.038725
0.684648 0.036070 0.684393 -0.037269
0.694860 0.035196 0.694555 -0.035787
0.705069 0.034294 0.704714 -0.034282
0.715275 0.033365 0.714870 -0.032757
0.725479 0.032410 0.725023 -0.031216
0.735680 0.031429 0.735173 -0.029662
0.745879 0.030426 0.745320 -0.028099
0.756076 0.029401 0.755467 -0.026530
0.766271 0.028358 0.765612 -0.024958
0.776463 0.027297 0.775756 -0.023387
0.786654 0.026223 0.785900 -0.021821
0.796844 0.025138 0.796045 -0.020261
0.807032 0.024044 0.806190 -0.018711
0.817219 0.022944 0.816336 -0.017174
0.827405 0.021840 0.826485 -0.015652
0.837591 0.020735 0.836636 -0.014151
0.847777 0.019629 0.846790 -0.012673
0.857963 0.018524 0.856948 -0.011223
0.868149 0.017420 0.867111 -0.009808
0.878334 0.016317 0.877279 -0.008439
0.888518 0.015213 0.887452 -0.007121
0.898700 0.014106 0.897632 -0.005868
0.908878 0.012991 0.907819 -0.004691
0.919053 0.011864 0.918017 -0.003602
0.929225 0.010718 0.928227 -0.002619
0.939392 0.009545 0.938450 -0.001761
0.949552 0.008335 0.948686 -0.001046
0.959703 0.007073 0.958933 -0.000499
0.969838 0.005741 0.969188 -0.000147
0.979953 0.004310 0.979446 -0.000028
0.990029 0.002720 0.989696 -0.000197
1.000000 0.000756 0.999908 -0.000756
