0.000000 0.000000 0.000000 0.000000
0.004978 0.009182 0.005535 -0.008053
0.013693 0.014838 0.014667 -0.012531
0.023192 0.018856 0.024370 -0.015637
0.032975 0.022016 0.034265 -0.018076
0.042895 0.024655 0.044251 -0.020124
0.052894 0.026942 0.054287 -0.021918
0.062943 0.028977 0.064356 -0.023530
0.073025 0.030820 0.074446 -0.025006
0.083132 0.032510 0.084552 -0.026373
0.093258 0.034073 0.094672 -0.027647
0.103399 0.035528 0.104802 -0.028840
0.113553 0.036889 0.114941 -0.029961
0.123716 0.038167 0.125088 -0.031015
0.133888 0.039371 0.135242 -0.032008
0.144067 0.040508 0.145403 -0.032943
0.154253 0.041583 0.155569 -0.033823
0.164444 0.042602 0.165740 -0.034653
0.174640 0.043571 0.175916 -0.035435
0.184840 0.044491 0.186096 -0.036170
0.195044 0.045367 0.196280 -0.036861
0.205251 0.046201 0.206469 -0.037509
0.215462 0.046996 0.216660 -0.038116
0.225676 0.047753 0.226855 -0.038682
0.235892 0.048472 0.237052 -0.039207
0.246110 0.049156 0.247253 -0.039692
0.256331 0.049805 0.257455 -0.040136
0.266554 0.050419 0.267660 -0.040541
0.276779 0.050998 0.277867 -0.040904
0.287006 0.051543 0.288076 -0.041228
0.297234 0.052054 0.298286 -0.041511
0.307464 0.052531 0.308498 -0.041754
0.317695 0.052974 0.318711 -0.041957
0.327927 0.053382 0.328925 -0.042119
0.338161 0.053757 0.339140 -0.042239
0.348395 0.054098 0.349355 -0.042320
0.358631 0.054406 0.359571 -0.042361
0.368867 0.054681 0.369787 -0.042359
0.379105 0.054922 0.380004 -0.042317
0.389343 0.055132 0.390220 -0.042234
0.399581 0.055309 0.400435 -0.042110
0.409820 0.055456 0.410650 -0.041943
0.420059 0.055572 0.420865 -0.041734
0.430299 0.055657 0.431078 -0.041485
0.440539 0.055712 0.441290 -0.041193
0.450779 0.055737 0.451501 -0.040858
0.461018 0.055734 0.461710 -0.040480
0.471258 0.055702 0.471917 -0.040059
0.481498 0.055640 0.482123 -0.039596
0.491737 0.055551 0.492326 -0.039089
0.501976 0.055432 0.502527 -0.038537
0.512215 0.055284 0.512725 -0.037940
0.522452 0.055107 0.522920 -0.037298
0.532690 0.054900 0.533112 -0.036611
0.542926 0.054663 0.543300 -0.035878
0.553162 0.054394 0.553485 -0.035100
0.563397 0.054093 0.563667 -0.034275
0.573631 0.053759 0.573844 -0.033403
0.583863 0.053391 0.584017 -0.032486
0.594095 0.052987 0.594187 -0.031524
0.604324 0.052547 0.604352 -0.030516
0.614552 0.052067 0.614512 -0.029464
0.624779 0.051546 0.624668 -0.028369
0.635004 0.050985 0.634819 -0.027232
0.645226 0.050380 0.644966 -0.026055
0.655445 0.049731 0.655108 -0.024839
0.665662 0.049036 0.665247 -0.023587
0.675877 0.048293 0.675381 -0.022301
0.686088 0.047504 0.685511 -0.020985
0.696295 0.046667 0.695638 -0.019640
0.706500 0.045782 0.705761 -0.018272
0.716700 0.044849 0.715882 -0.016882
0.726897 0.043869 0.726001 -0.015475
0.737090 0.042844 0.736118 -0.014055
0.747278 0.041774 0.746234 -0.012627
0.757463 0.040662 0.756349 -0.011195
0.767644 0.039509 0.766465 -0.009764
0.777821 0.038317 0.776581 -0.008339
0.787994 0.037091 0.786700 -0.006927
0.798164 0.035834 0.796821 -0.005532
0.808332 0.034549 0.806946 -0.004162
0.818496 0.033242 0.817074 -0.002822
0.828658 0.031916 0.827207 -0.001522
0.838819 0.030578 0.837346 -0.000270
0.848978 0.029230 0.847491 0.000925
0.859136 0.027877 0.857643 0.002052
0.869294 0.026521 0.867802 0.003097
0.879450 0.025160 0.877971 0.004045
0.889605 0.023791 0.888147 0.004884
0.899757 0.022405 0.898333 0.005592
0.909904 0.020989 0.908527 0.006145
0.920046 0.019525 0.918730 0.006525
0.930178 0.017987 0.928939 0.006702
0.940296 0.016344 0.939152 0.006651
0.950394 0.014560 0.949363 0.006337
0.960464 0.012591 0.959567 0.005727
0.970494 0.010388 0.969752 0.004775
0.980467 0.007884 0.979904 0.003420
0.990346 0.004951 0.989990 0.001541
1.000000 0.001211 0.999913 -0.001211
