0.000000 0.000000 0.000000 0.000000
0.004978 0.009160 0.005634 -0.008119
0.013693 0.014816 0.014766 -0.012644
0.023192 0.018841 0.024468 -0.015777
0.032975 0.022011 0.034363 -0.018226
0.042896 0.024660 0.044349 -0.020274
0.052894 0.026958 0.054385 -0.022058
0.062943 0.029003 0.064452 -0.023656
0.073025 0.030855 0.074542 -0.025112
0.083132 0.032553 0.084649 -0.026454
0.093259 0.034123 0.094768 -0.027701
0.103400 0.035584 0.104898 -0.028866
0.113553 0.036951 0.115037 -0.029957
0.123716 0.038235 0.125183 -0.030981
0.133888 0.039444 0.135337 -0.031943
0.144068 0.040585 0.145497 -0.032847
0.154253 0.041665 0.155663 -0.033697
0.164444 0.042688 0.165834 -0.034495
0.174640 0.043659 0.176010 -0.035245
0.184840 0.044581 0.186189 -0.035947
0.195044 0.045456 0.196374 -0.036605
0.205252 0.046288 0.206561 -0.037220
0.215462 0.047077 0.216752 -0.037792
0.225676 0.047826 0.226947 -0.038323
0.235892 0.048536 0.237144 -0.038812
0.246111 0.049208 0.247344 -0.039262
0.256331 0.049843 0.257546 -0.039671
0.266554 0.050441 0.267750 -0.040041
0.276779 0.051003 0.277958 -0.040372
0.287006 0.051530 0.288166 -0.040663
0.297234 0.052022 0.298376 -0.040915
0.307464 0.052479 0.308587 -0.041129
0.317695 0.052902 0.318800 -0.041304
0.327927 0.053290 0.329014 -0.041440
0.338161 0.053645 0.339228 -0.041537
0.348396 0.053967 0.349444 -0.041595
0.358631 0.054256 0.359659 -0.041615
0.368867 0.054513 0.369875 -0.041594
0.379105 0.054737 0.380091 -0.041535
0.389343 0.054931 0.390306 -0.041436
0.399581 0.055094 0.400521 -0.041297
0.409820 0.055227 0.410736 -0.041117
0.420059 0.055330 0.420951 -0.040898
0.430299 0.055405 0.431164 -0.040639
0.440539 0.055451 0.441375 -0.040340
0.450779 0.055469 0.451586 -0.040001
0.461019 0.055460 0.461795 -0.039620
0.471258 0.055423 0.472002 -0.039199
0.481498 0.055360 0.482207 -0.038738
0.491737 0.055270 0.492409 -0.038236
0.501976 0.055153 0.502610 -0.037692
0.512215 0.055009 0.512808 -0.037106
0.522453 0.054837 0.523002 -0.036478
0.532690 0.054639 0.533194 -0.035808
0.542927 0.054412 0.543382 -0.035096
0.553162 0.054157 0.553567 -0.034340
0.563397 0.053873 0.563748 -0.033541
0.573631 0.053558 0.573925 -0.032698
0.583864 0.053212 0.584098 -0.031813
0.594095 0.052835 0.594267 -0.030884
0.604324 0.052423 0.604431 -0.029912
0.614553 0.051977 0.614591 -0.028898
0.624779 0.051493 0.624747 -0.027841
0.635004 0.050971 0.634898 -0.026744
0.645226 0.050408 0.645045 -0.025608
0.655446 0.049804 0.655187 -0.024433
0.665663 0.049155 0.665325 -0.023221
0.675877 0.048462 0.675459 -0.021975
0.686088 0.047722 0.685588 -0.020696
0.696296 0.046934 0.695715 -0.019389
0.706500 0.046099 0.705838 -0.018054
0.716700 0.045215 0.715958 -0.016697
0.726897 0.044283 0.726077 -0.015320
0.737090 0.043303 0.736193 -0.013927
0.747279 0.042277 0.746309 -0.012524
0.757463 0.041206 0.756424 -0.011114
0.767644 0.040090 0.766540 -0.009703
0.777821 0.038935 0.776656 -0.008295
0.787995 0.037741 0.786774 -0.006897
0.798165 0.036513 0.796895 -0.005514
0.808332 0.035254 0.807019 -0.004153
0.818496 0.033970 0.817147 -0.002819
0.828659 0.032665 0.827280 -0.001523
0.838820 0.031344 0.837418 -0.000271
0.848979 0.030010 0.847563 0.000928
0.859137 0.028668 0.857715 0.002063
0.869294 0.027318 0.867874 0.003120
0.879450 0.025960 0.878042 0.004085
0.889605 0.024589 0.888218 0.004943
0.899757 0.023195 0.898403 0.005674
0.909905 0.021766 0.908598 0.006251
0.920047 0.020280 0.918800 0.006654
0.930178 0.018712 0.929009 0.006853
0.940296 0.017030 0.939222 0.006818
0.950394 0.015194 0.949433 0.006511
0.960464 0.013160 0.959636 0.005896
0.970494 0.010875 0.969821 0.004922
0.980467 0.008270 0.979972 0.003522
0.990346 0.005215 0.990057 0.001566
1.000000 0.001315 0.999981 -0.001315
