0.000000 0.000000 0.000000 0.000000
0.004977 0.008994 0.005418 -0.007831
0.013692 0.014519 0.014551 -0.012239
0.023191 0.018430 0.024254 -0.015353
0.032974 0.021495 0.034149 -0.017845
0.042895 0.024045 0.044136 -0.019978
0.052893 0.026250 0.054173 -0.021878
0.062942 0.028207 0.064241 -0.023613
0.073024 0.029977 0.074332 -0.025221
0.083131 0.031599 0.084439 -0.026727
0.093257 0.033098 0.094559 -0.028147
0.103398 0.034494 0.104689 -0.029489
0.113551 0.035801 0.114829 -0.030762
0.123715 0.037029 0.124976 -0.031969
0.133886 0.038188 0.135131 -0.033116
0.144066 0.039285 0.145292 -0.034204
0.154251 0.040325 0.155458 -0.035237
0.164442 0.041313 0.165630 -0.036217
0.174638 0.042254 0.175806 -0.037147
0.184838 0.043150 0.185987 -0.038026
0.195042 0.044005 0.196172 -0.038857
0.205250 0.044820 0.206360 -0.039641
0.215461 0.045598 0.216552 -0.040378
0.225674 0.046341 0.226747 -0.041070
0.235890 0.047049 0.236945 -0.041715
0.246109 0.047724 0.247146 -0.042315
0.256329 0.048367 0.257349 -0.042870
0.266552 0.048978 0.267554 -0.043380
0.276777 0.049558 0.277762 -0.043846
0.287004 0.050107 0.287971 -0.044267
0.297232 0.050626 0.298181 -0.044644
0.307462 0.051114 0.308394 -0.044978
0.317693 0.051571 0.318607 -0.045268
0.327925 0.051997 0.328821 -0.045513
0.338159 0.052393 0.339037 -0.045714
0.348393 0.052757 0.349253 -0.045872
0.358629 0.053090 0.359469 -0.045985
0.368865 0.053391 0.369685 -0.046053
0.379103 0.053660 0.379902 -0.046075
0.389340 0.053896 0.390118 -0.046052
0.399579 0.054100 0.400334 -0.045984
0.409818 0.054272 0.410550 -0.045867
0.420057 0.054412 0.420765 -0.045703
0.430297 0.054517 0.430978 -0.045493
0.440537 0.054591 0.441191 -0.045234
0.450777 0.054631 0.451402 -0.044926
0.461016 0.054639 0.461612 -0.044568
0.471256 0.054614 0.471819 -0.044160
0.481496 0.054556 0.482025 -0.043702
0.491735 0.054465 0.492229 -0.043194
0.501974 0.054342 0.502430 -0.042635
0.512213 0.054184 0.512628 -0.042023
0.522450 0.053994 0.522823 -0.041360
0.532688 0.053771 0.533015 -0.040646
0.542924 0.053515 0.543204 -0.039880
0.553160 0.053221 0.553390 -0.039062
0.563395 0.052893 0.563571 -0.038191
0.573629 0.052530 0.573749 -0.037269
0.583862 0.052131 0.583923 -0.036296
0.594094 0.051696 0.594092 -0.035273
0.604323 0.051222 0.604258 -0.034201
0.614551 0.050709 0.614418 -0.033080
0.624778 0.050154 0.624574 -0.031912
0.635002 0.049558 0.634726 -0.030699
0.645224 0.048918 0.644874 -0.029443
0.655444 0.048233 0.655016 -0.028146
0.665661 0.047502 0.665155 -0.026809
0.675876 0.046724 0.675289 -0.025437
0.686087 0.045898 0.685420 -0.024032
0.696295 0.045026 0.695547 -0.022598
0.706499 0.044107 0.705671 -0.021139
0.716699 0.043142 0.715792 -0.019658
0.726896 0.042131 0.725911 -0.018160
0.737089 0.041078 0.736028 -0.016650
0.747278 0.039985 0.746144 -0.015133
0.757463 0.038852 0.756260 -0.013614
0.767643 0.037684 0.766377 -0.012098
0.777820 0.036484 0.776494 -0.010590
0.787994 0.035256 0.786613 -0.009098
0.798164 0.034004 0.796734 -0.007626
0.808331 0.032731 0.806859 -0.006181
0.818496 0.031443 0.816988 -0.004769
0.828658 0.030146 0.827121 -0.003398
0.838819 0.028842 0.837260 -0.002076
0.848978 0.027537 0.847406 -0.000811
0.859136 0.026232 0.857558 0.000388
0.869294 0.024929 0.867718 0.001508
0.879450 0.023627 0.877887 0.002535
0.889604 0.022321 0.888064 0.003458
0.899756 0.021002 0.898250 0.004258
0.909904 0.019658 0.908444 0.004911
0.920046 0.018270 0.918648 0.005399
0.930178 0.016814 0.928857 0.005695
0.940296 0.015261 0.939070 0.005770
0.950394 0.013577 0.949282 0.005595
0.960464 0.011722 0.959486 0.005133
0.970494 0.009649 0.969672 0.004341
0.980467 0.007296 0.979824 0.003157
0.990346 0.004546 0.989910 0.001468
1.000000 0.001045 0.999834 -0.001045
