             1511.605                  427.9986                 177.52009
          1508.76800989296                  427.9986          178.464496407381
          1505.89825868192                  427.9986          179.206330520174
          1503.01601482268                  427.9986          179.846589460539
          1500.12660578737                  427.9986          180.416465068929
           1497.2323631578                  427.9986          180.932293302845
          1494.33456979936                  427.9986          181.405962054341
          1491.43435055679                  427.9986          181.847473203153
           1488.5325592033                  427.9986          182.265185274526
          1485.62956153806                  427.9986          182.666197651396
           1482.7253727977                  427.9986          183.056382007036
          1479.82028097752                  427.9986          183.439914445393
          1476.91458696292                  427.9986          183.820208040781
          1474.00837875005                  427.9986          184.199292139391
          1471.10189652725                  427.9986           184.57832887989
          1468.19538876537                  427.9986          184.957853111846
          1465.28895059462                  427.9986          185.337613855763
          1462.38253788202                  427.9986          185.716957426133
          1459.47592428041                  427.9986          186.095067562352
          1456.56906160724                  427.9986          186.470905136366
          1453.66195522092                  427.9986          186.843159787807
          1450.75443788716                  427.9986          187.210609413562
          1447.84634094549                  427.9986          187.572170487875
          1444.93765781318                  427.9986          187.926859890709
          1442.02829415919                  427.9986          188.273630498828
          1439.11822046627                  427.9986          188.611572576242
          1436.20738509277                  427.9986          188.940054884794
          1433.29566794826                  427.9986          189.258613496605
          1430.38313050987                  427.9986          189.566852965673
          1427.46974282408                  427.9986          189.864393503071
          1424.55547307686                  427.9986          190.151106559712
          1421.64040141677                  427.9986          190.427093517638
          1418.72449503174                  427.9986          190.692525168345
          1415.80771125895                  427.9986          190.947613480098
          1412.89019282126                  427.9986           191.19260651369
          1409.97204810441                  427.9986          191.427904602524
          1407.05314096868                  427.9986          191.653940017944
          1404.13372506306                  427.9986          191.871141256492
          1401.21368048247                  427.9986           192.07988610785
             1398.29302175                  427.9986          192.280451661628
          1395.37191132259                  427.9986           192.47310385734
          1392.45030205611                  427.9986           192.65806976641
          1389.52817527748                  427.9986          192.835530004352
          1386.60562636147                  427.9986          193.005540896729
          1383.68268934719                  427.9986          193.167998286842
          1380.75930659505                  427.9986          193.322768236842
          1377.83544425668                  427.9986          193.469751075442
          1374.91120534755                  427.9986          193.608838894059
          1371.98653065836                  427.9986          193.739913292159
          1369.06147090354                  427.9986          193.862558129386
           1366.1359804383                  427.9986          193.976423581072
          1363.21005872732                  427.9986          194.081347879791
          1360.28380714917                  427.9986          194.177232690503
          1357.35714842314                  427.9986          194.263959921374
          1354.43006210665                  427.9986          194.341133035485
           1351.5026955784                  427.9986          194.408454410173
          1348.57487818653                  427.9986          194.465972691039
          1345.64675727091                  427.9986          194.513708031085
          1342.71831002356                  427.9986          194.551455702044
          1339.78952708085                  427.9986          194.579108781681
          1336.86048587173                  427.9986          194.596796693986
            1333.931164333                  427.9986          194.604604402166
          1331.00164883118                  427.9986          194.602423023783
          1328.07204483111                  427.9986          194.590148413516
          1325.14220027313                  427.9986          194.567947603177
           1322.2122004752                  427.9986          194.536056094832
          1319.28209970147                  427.9986          194.494387865125
           1316.3518792477                  427.9986          194.442818272361
          1313.42145308844                  427.9986           194.38124312273
          1310.49090067746                  427.9986          194.309731998605
          1307.56030267547                  427.9986          194.228233716276
          1304.62960805225                  427.9986          194.136506725584
          1301.69894993152                  427.9986          194.034267275737
          1298.76840189525                  427.9986          193.921242644187
          1295.83803964295                  427.9986          193.797248850361
          1292.90792809833                  427.9986          193.661999214377
          1289.97824866012                  427.9986          193.515064423277
          1287.04898907236                  427.9986          193.355974261611
          1284.12032815943                  427.9986          193.184386551218
          1281.19241729284                  427.9986          192.999889253609
          1278.26533326448                  427.9986          192.801914481914
           1275.3392565143                  427.9986          192.589761655755
          1272.41446507069                  427.9986          192.362766877119
          1269.49109493982                  427.9986          192.120131338776
          1266.56961715521                  427.9986          191.860725051412
          1263.65033998054                  427.9986          191.583201512586
          1260.73383875882                  427.9986          191.285963737607
          1257.82070289728                  427.9986          190.966981186884
          1254.91157934984                  427.9986          190.623596033341
          1252.00768815389                  427.9986          190.252526053985
          1249.11025350734                  427.9986          189.849567352996
          1246.22108596099                  427.9986          189.408969836649
          1243.34284771175                  427.9986          188.922794235237
          1240.47905835736                  427.9986          188.379489719722
          1237.63602922303                  427.9986          187.761262345346
          1234.82460060179                  427.9986          187.039280667441
          1232.06857400778                  427.9986          186.163800192032
           1229.4247033523                  427.9986          185.040708490492
          1227.07077734244                  427.9986          183.465989314051
                 1225.8197                  427.9986                 181.07078
          1227.25107323274                  427.9986           178.95719007301
          1229.70960421567                  427.9986          177.658503457451
          1232.37236409521                  427.9986          176.696283542837
          1235.11210938662                  427.9986          175.895842196239
          1237.89139276566                  427.9986          175.188521837527
          1240.69666585481                  427.9986          174.541561377397
          1243.51993390142                  427.9986          173.937904501233
          1246.35740496226                  427.9986          173.367693840489
          1249.20577474649                  427.9986          172.825118491095
           1252.0628084261                  427.9986          172.306518190695
          1254.92683379181                  427.9986          171.809380109694
          1257.79702638851                  427.9986          171.332047608723
          1260.67308468411                  427.9986          170.873235929629
          1263.55426548819                  427.9986          170.432067523394
          1266.44001429761                  427.9986          170.007936916202
          1269.33008700893                  427.9986          169.600487357506
          1272.22399606586                  427.9986          169.209317390304
          1275.12150381503                  427.9986          168.834103471451
          1278.02240969816                  427.9986           168.47483085254
          1280.92664266267                  427.9986          168.131440364829
          1283.83395231294                  427.9986          167.803811285822
          1286.74424687601                  427.9986          167.491853954691
            1289.657339726                  427.9986          167.195669264307
          1292.57330131785                  427.9986          166.915368992947
          1295.49188089311                  427.9986           166.65086921609
          1298.41285323051                  427.9986          166.401973483023
           1301.3360283268                  427.9986          166.168674397719
          1304.26122952715                  427.9986          165.951097671222
          1307.18830826884                  427.9986          165.749130112409
          1310.11706794517                  427.9986          165.562463387225
          1313.04730106988                  427.9986           165.39079500548
          1315.97884748446                  427.9986          165.234162829643
          1318.91153150991                  427.9986           165.09278168599
          1321.84517180551                  427.9986          164.966396283148
           1324.7795217072                  427.9986          164.854688679502
          1327.71448265704                  427.9986          164.757359072461
          1330.64997730322                  427.9986          164.674924141093
          1333.58562701402                  427.9986          164.607602682466
          1336.52155894307                  427.9986           164.55489873415
          1339.45747365366                  427.9986          164.516677616211
          1342.39326338925                  427.9986          164.493621606685
           1345.3288396706                  427.9986          164.485654379277
          1348.26401001235                  427.9986          164.492425048389
          1351.19866025258                  427.9986          164.514163299625
          1354.13276490051                  427.9986          164.551353007125
          1357.06613427052                  427.9986          164.604273357133
          1359.99876933558                  427.9986          164.672604113062
          1362.93056619833                  427.9986          164.756139977351
          1365.86148908883                  427.9986          164.855189303244
          1368.79152086424                  427.9986          164.970025924575
          1371.72063345163                  427.9986          165.100838595869
          1374.64877381075                  427.9986           165.24745131794
          1377.57591228916                  427.9986          165.409529418718
          1380.50205644321                  427.9986          165.587214730293
           1383.4270485243                  427.9986          165.780582311766
           1386.3509212937                  427.9986          165.989671336809
          1389.27373344683                  427.9986          166.214255897567
           1392.1953532607                  427.9986          166.453920979271
          1395.11576932829                  427.9986          166.708474217377
          1398.03500136523                  427.9986          166.977802607843
          1400.95301764841                  427.9986          167.261674832739
          1403.86981801299                  427.9986          167.559703815118
           1406.7853524607                  427.9986          167.871226695309
          1409.69976414496                  427.9986            168.1957588772
          1412.61289662931                  427.9986          168.532822752266
          1415.52495774441                  427.9986          168.881816570702
          1418.43586195876                  427.9986          169.241959309628
          1421.34572498337                  427.9986          169.612268441933
          1424.25456425085                  427.9986          169.991768851125
          1427.16239263848                  427.9986          170.379493139305
          1430.06937220418                  427.9986           170.77442523177
          1432.97558663253                  427.9986          171.175324680759
          1435.88112562541                  427.9986          171.580804467432
          1438.78613081473                  427.9986          171.989560634814
          1441.69058481369                  427.9986          172.400364221738
          1444.59470545656                  427.9986          172.811942728186
          1447.49861674391                  427.9986          173.222894030501
          1450.40242734852                  427.9986          173.631789117379
           1453.3062773849                  427.9986          174.037459739302
          1456.21019232914                  427.9986          174.438757095526
           1459.1144383627                  427.9986          174.834442227902
          1462.01905868218                  427.9986          175.223089004708
          1464.92434893361                  427.9986          175.603298497374
           1467.8303529329                  427.9986          175.973654107048
          1470.73737645763                  427.9986          176.332407608348
          1473.64568617916                  427.9986           176.67671141668
          1476.55529295369                  427.9986           177.00360943702
          1479.46631605469                  427.9986          177.309802806463
           1482.3792104911                  427.9986          177.590520810747
          1485.29408059027                  427.9986          177.839183413653
          1488.21128771054                  427.9986          178.049983737251
          1491.13111109119                  427.9986           178.21525705961
          1494.05414253857                  427.9986          178.324051230317
          1496.97979506899                  427.9986          178.368517922245
          1499.90754774811                  427.9986          178.335288346882
          1502.83638634358                  427.9986          178.211567720755
          1505.76449993449                  427.9986          177.977615358875
          1508.68825491387                  427.9986          177.602371990178
                 1511.5981                  427.9986                 177.00461